# Position (bp)	A	C	G	T	N
0.0	32.675709001233045	30.826140567200987	18.12577065351418	18.372379778051787	0.0
1.0	28.953771289537713	32.968369829683695	19.464720194647203	18.613138686131386	0.0
2.0	32.35981308411215	31.6588785046729	15.654205607476634	20.327102803738317	0.0
3.0	29.646017699115045	30.08849557522124	18.694690265486727	21.570796460176993	0.0
4.0	28.35820895522388	32.08955223880597	18.550106609808104	21.002132196162044	0.0
5.0	27.318548387096776	31.85483870967742	18.951612903225808	21.875	0.0
6.0	26.620825147347745	33.1041257367387	16.797642436149314	23.477406679764243	0.0
7.0	26.14942528735632	31.70498084291188	18.29501915708812	23.850574712643677	0.0
8.0	28.033866415804326	30.103480714957666	17.68579492003763	24.176857949200375	0.0
9.0	28.46648301193756	29.75206611570248	18.27364554637282	23.507805325987142	0.0
10.0	29.333333333333332	28.888888888888886	19.2	22.577777777777776	0.0
11.0	28.670721112076453	31.7115551694179	17.984361424847958	21.63336229365769	0.0
12.0	32.44635193133047	27.72532188841202	17.510729613733904	22.317596566523605	0.0
13.0	30.42372881355932	30.254237288135595	17.372881355932204	21.949152542372882	0.0
14.0	31.900826446280995	29.421487603305785	17.107438016528924	21.5702479338843	0.0
15.0	33.30618892508143	29.31596091205212	16.856677524429966	20.521172638436482	0.0
16.0	29.983922829581992	30.22508038585209	17.684887459807076	22.106109324758844	0.0
17.0	33.730158730158735	29.841269841269842	17.46031746031746	18.96825396825397	0.0
18.0	31.328125	28.828125	17.03125	22.8125	0.0
19.0	31.40172278778387	28.425998433829285	18.637431480031324	21.53484729835552	0.0
20.0	30.228887134964484	29.20284135753749	16.179952644041045	24.388318863456984	0.0
21.0	32.61904761904762	28.174603174603174	17.063492063492063	22.142857142857142	0.0
22.0	28.365384615384613	29.00641025641026	19.631410256410255	22.996794871794872	0.0
23.0	32.2061191626409	28.663446054750402	16.908212560386474	22.22222222222222	0.0
24.0	28.559870550161815	27.993527508090615	20.46925566343042	22.97734627831715	0.0
25.0	28.00982800982801	30.794430794430795	20.638820638820636	20.55692055692056	0.0
26.0	29.034941763727122	28.369384359401	18.469217970049918	24.126455906821963	0.0
27.0	30.569514237855945	30.569514237855945	17.16917922948074	21.691792294807367	0.0
28.0	28.000000000000004	27.574468085106385	21.27659574468085	23.148936170212767	0.0
29.0	30.337078651685395	28.69490060501296	19.96542783059637	21.00259291270527	0.0
30.0	28.308501314636285	29.09728308501315	18.843120070113937	23.751095530236636	0.0
31.0	30.31111111111111	29.777777777777775	18.666666666666668	21.244444444444444	0.0
32.0	31.05646630236794	29.0528233151184	17.850637522768668	22.040072859744992	0.0
33.0	29.66417910447761	26.119402985074625	19.682835820895523	24.53358208955224	0.0
34.0	29.010566762728146	27.473583093179638	18.34774255523535	25.16810758885687	0.0
35.0	31.051587301587304	31.349206349206348	15.972222222222221	21.626984126984127	0.0
36.0	30.122950819672127	25.40983606557377	18.34016393442623	26.127049180327873	0.0
37.0	29.083245521601686	27.81875658587987	18.018967334035825	25.07903055848261	0.0
38.0	30.643402399127588	29.661941112322793	17.448200654307524	22.24645583424209	0.0
39.0	28.815489749430522	29.043280182232344	18.223234624145785	23.917995444191344	0.0
40.0	25.208085612366233	31.62901307966706	17.954815695600477	25.208085612366233	0.0
41.0	26.1519302615193	32.12951432129515	18.181818181818183	23.536737235367372	0.0
42.0	29.427083333333332	30.859375	16.796875	22.916666666666664	0.0
43.0	27.967257844474762	27.55798090040928	18.281036834924965	26.193724420190996	0.0
44.0	27.298850574712645	29.454022988505745	19.25287356321839	23.99425287356322	0.0
45.0	25.688073394495415	28.287461773700308	21.100917431192663	24.92354740061162	0.0
46.0	26.194398682042834	25.86490939044481	23.88797364085667	24.052718286655683	0.0
47.0	25.0	30.17241379310345	22.24137931034483	22.586206896551726	0.0
48.0	25.607476635514022	24.67289719626168	23.738317757009344	25.981308411214954	0.0
49.0	22.17898832684825	26.26459143968872	26.653696498054476	24.90272373540856	0.0
