Base	G	A	T	C	sample
1	42.30769230769231	10.0	8.461538461538462	39.23076923076923	PI3Ksign2_E001006_CD4Tcells_AZ4943_S_KT_16
2	17.692307692307693	16.153846153846153	39.23076923076923	26.923076923076923	PI3Ksign2_E001006_CD4Tcells_AZ4943_S_KT_16
3	36.15384615384615	12.307692307692308	13.846153846153847	37.69230769230769	PI3Ksign2_E001006_CD4Tcells_AZ4943_S_KT_16
4	26.923076923076923	16.153846153846153	26.153846153846157	30.76923076923077	PI3Ksign2_E001006_CD4Tcells_AZ4943_S_KT_16
5	33.84615384615385	25.384615384615383	11.538461538461538	29.230769230769234	PI3Ksign2_E001006_CD4Tcells_AZ4943_S_KT_16
6	19.68503937007874	25.984251968503933	30.708661417322837	23.62204724409449	PI3Ksign2_E001006_CD4Tcells_AZ4943_S_KT_16
7	26.923076923076923	21.53846153846154	36.15384615384615	15.384615384615385	PI3Ksign2_E001006_CD4Tcells_AZ4943_S_KT_16
8	26.923076923076923	20.76923076923077	36.92307692307693	15.384615384615385	PI3Ksign2_E001006_CD4Tcells_AZ4943_S_KT_16
9	21.53846153846154	25.384615384615383	25.384615384615383	27.692307692307693	PI3Ksign2_E001006_CD4Tcells_AZ4943_S_KT_16
10	26.153846153846157	27.692307692307693	26.923076923076923	19.230769230769234	PI3Ksign2_E001006_CD4Tcells_AZ4943_S_KT_16
12	26.923076923076923	20.384615384615383	23.076923076923077	29.615384615384617	PI3Ksign2_E001006_CD4Tcells_AZ4943_S_KT_16
14	25.0	26.153846153846157	25.769230769230766	23.076923076923077	PI3Ksign2_E001006_CD4Tcells_AZ4943_S_KT_16
16	21.153846153846153	24.23076923076923	27.692307692307693	26.923076923076923	PI3Ksign2_E001006_CD4Tcells_AZ4943_S_KT_16
18	21.153846153846153	23.46153846153846	23.846153846153847	31.538461538461537	PI3Ksign2_E001006_CD4Tcells_AZ4943_S_KT_16
20	22.692307692307693	23.076923076923077	26.53846153846154	27.692307692307693	PI3Ksign2_E001006_CD4Tcells_AZ4943_S_KT_16
22	26.923076923076923	28.846153846153843	20.0	24.23076923076923	PI3Ksign2_E001006_CD4Tcells_AZ4943_S_KT_16
24	20.384615384615383	23.076923076923077	29.615384615384617	26.923076923076923	PI3Ksign2_E001006_CD4Tcells_AZ4943_S_KT_16
26	26.923076923076923	20.384615384615383	25.769230769230766	26.923076923076923	PI3Ksign2_E001006_CD4Tcells_AZ4943_S_KT_16
28	32.30769230769231	20.0	30.0	17.692307692307693	PI3Ksign2_E001006_CD4Tcells_AZ4943_S_KT_16
30	29.615384615384617	26.153846153846157	22.692307692307693	21.53846153846154	PI3Ksign2_E001006_CD4Tcells_AZ4943_S_KT_16
32	19.230769230769234	27.307692307692307	26.153846153846157	27.307692307692307	PI3Ksign2_E001006_CD4Tcells_AZ4943_S_KT_16
34	26.153846153846157	20.384615384615383	24.615384615384617	28.846153846153843	PI3Ksign2_E001006_CD4Tcells_AZ4943_S_KT_16
36	27.307692307692307	22.30769230769231	27.307692307692307	23.076923076923077	PI3Ksign2_E001006_CD4Tcells_AZ4943_S_KT_16
38	25.384615384615383	20.76923076923077	32.69230769230769	21.153846153846153	PI3Ksign2_E001006_CD4Tcells_AZ4943_S_KT_16
40	24.615384615384617	20.384615384615383	31.538461538461537	23.46153846153846	PI3Ksign2_E001006_CD4Tcells_AZ4943_S_KT_16
42	29.615384615384617	21.923076923076923	25.384615384615383	23.076923076923077	PI3Ksign2_E001006_CD4Tcells_AZ4943_S_KT_16
44	24.23076923076923	25.769230769230766	30.384615384615383	19.615384615384617	PI3Ksign2_E001006_CD4Tcells_AZ4943_S_KT_16
46	24.615384615384617	30.0	26.923076923076923	18.461538461538463	PI3Ksign2_E001006_CD4Tcells_AZ4943_S_KT_16
48	22.30769230769231	34.61538461538461	22.692307692307693	20.384615384615383	PI3Ksign2_E001006_CD4Tcells_AZ4943_S_KT_16
50	22.30769230769231	23.846153846153847	25.384615384615383	28.46153846153846	PI3Ksign2_E001006_CD4Tcells_AZ4943_S_KT_16
52	26.53846153846154	13.846153846153847	28.46153846153846	31.153846153846153	PI3Ksign2_E001006_CD4Tcells_AZ4943_S_KT_16
54	26.923076923076923	25.384615384615383	28.076923076923077	19.615384615384617	PI3Ksign2_E001006_CD4Tcells_AZ4943_S_KT_16
56	24.23076923076923	21.923076923076923	28.076923076923077	25.769230769230766	PI3Ksign2_E001006_CD4Tcells_AZ4943_S_KT_16
58	25.482625482625483	25.868725868725868	22.00772200772201	26.640926640926644	PI3Ksign2_E001006_CD4Tcells_AZ4943_S_KT_16
60	32.55813953488372	22.093023255813954	24.418604651162788	20.930232558139537	PI3Ksign2_E001006_CD4Tcells_AZ4943_S_KT_16
62	17.441860465116278	27.906976744186046	26.356589147286826	28.294573643410853	PI3Ksign2_E001006_CD4Tcells_AZ4943_S_KT_16
64	30.23255813953488	26.744186046511626	20.155038759689923	22.868217054263564	PI3Ksign2_E001006_CD4Tcells_AZ4943_S_KT_16
66	17.829457364341085	32.945736434108525	20.930232558139537	28.294573643410853	PI3Ksign2_E001006_CD4Tcells_AZ4943_S_KT_16
68	26.356589147286826	21.705426356589147	23.25581395348837	28.68217054263566	PI3Ksign2_E001006_CD4Tcells_AZ4943_S_KT_16
70	30.620155038759687	16.666666666666664	22.868217054263564	29.844961240310074	PI3Ksign2_E001006_CD4Tcells_AZ4943_S_KT_16
72	24.418604651162788	24.031007751937985	23.25581395348837	28.294573643410853	PI3Ksign2_E001006_CD4Tcells_AZ4943_S_KT_16
74	30.0	18.75	23.75	27.500000000000004	PI3Ksign2_E001006_CD4Tcells_AZ4943_S_KT_16
76	39.08045977011494	0.0	35.63218390804598	25.287356321839084	PI3Ksign2_E001006_CD4Tcells_AZ4943_S_KT_16
