Base	G	A	T	C	sample
1	21.03503074454544	26.79182185687993	26.809602658913782	25.36354473966085	syn3-tumor
2	24.489902286809915	27.17359727401048	24.59781743115817	23.738683008021436	syn3-tumor
3	24.67389205327099	25.756162000413564	25.300815675739415	24.26913027057603	syn3-tumor
4	24.9954911870871	24.824626409591676	25.609544494504377	24.570337908816846	syn3-tumor
5	24.98842100045974	25.50943325283579	26.03249639811933	23.46964934858514	syn3-tumor
6	25.14001138206658	25.57264954343557	24.637132539550972	24.650206534946875	syn3-tumor
7	25.29955023667481	25.505588499458625	25.59454985638851	23.600311407478053	syn3-tumor
8	24.64079096914229	25.638304235991832	25.445860144760342	24.27504465010554	syn3-tumor
9	24.27844354359076	25.29053670674934	25.952533138274962	24.478486611384938	syn3-tumor
10	24.618612113404815	25.484380240678668	25.41956406098788	24.477443584928636	syn3-tumor
12	24.611918540065147	25.455118761557422	25.43183301943868	24.501129678938753	syn3-tumor
14	24.594074381065706	25.44760448021055	25.45097980572652	24.507341332997225	syn3-tumor
16	24.705117337835897	25.337393274863796	25.47816962546228	24.47931976183803	syn3-tumor
18	24.728054550170032	25.18745318744122	25.40518899989788	24.679303262490862	syn3-tumor
20	24.831419629791824	25.131175031776383	25.301047819446076	24.73635751898572	syn3-tumor
22	24.89789029535865	25.100507397318804	25.201474122736737	24.800128184585805	syn3-tumor
24	24.985281488855374	25.073549831452752	25.1154196164215	24.825749063270372	syn3-tumor
26	25.054099769160075	25.038078119853047	25.042350559668254	24.865471551318624	syn3-tumor
28	25.124607889967365	25.076243024051692	24.925038730345364	24.874110355635576	syn3-tumor
30	25.214336558600426	25.00638758407471	24.909911565073457	24.86936429225141	syn3-tumor
32	25.22531685283436	25.012336240448303	24.80120875763177	24.961138149085567	syn3-tumor
34	25.24405529355034	24.952804861783225	24.795744229710365	25.007395614956067	syn3-tumor
36	25.2513513085918	24.872287922266565	24.88973381754245	24.986626951599185	syn3-tumor
38	25.254682035540448	24.893410297441932	24.760542010241167	25.091365656776453	syn3-tumor
40	25.33336755119848	24.829808893223152	24.756240483156255	25.080583072422115	syn3-tumor
42	25.406779813299075	24.86209639155255	24.67213532073686	25.058988474411514	syn3-tumor
44	25.393710390393988	24.813275877562724	24.672275308425373	25.120738423617915	syn3-tumor
46	25.410748093902885	24.776095642081692	24.634486406540475	25.17866985747495	syn3-tumor
48	25.381378604786548	24.760693968229507	24.65410743408971	25.203819992894232	syn3-tumor
50	25.52820437119263	24.807754035019663	24.53058513149109	25.133456462296618	syn3-tumor
52	25.384145409457542	24.75318317599595	24.658005796272455	25.204665618274056	syn3-tumor
54	25.416969081920815	24.723501465509674	24.68517769170986	25.174351760859654	syn3-tumor
56	25.36346874686886	24.762461816191905	24.664620491270497	25.209448945668733	syn3-tumor
58	25.421859844681066	24.76893792595479	24.578075920854577	25.231126308509566	syn3-tumor
60	25.349137550817318	24.727811020816794	24.64392551618061	25.27912591218528	syn3-tumor
62	25.422950704535985	24.767085366986954	24.62593406744	25.18402986103706	syn3-tumor
64	25.368171957180287	24.722827218046014	24.651184102679615	25.257816722094084	syn3-tumor
66	25.47896125098019	24.6764348280793	24.57061046226533	25.273993458675175	syn3-tumor
68	25.460575112927618	24.640233238149236	24.51364467154635	25.385546977376787	syn3-tumor
70	25.58502011409741	24.685389374184126	24.458106093049416	25.27148441866905	syn3-tumor
72	25.475422614535287	24.690025568875352	24.490271406973406	25.344280409615955	syn3-tumor
74	25.50057452632093	24.65032696393568	24.509596923639606	25.339501586103786	syn3-tumor
76	25.48880124473917	24.733409366465278	24.488521581003766	25.28926780779178	syn3-tumor
78	25.52225957729288	24.678387117497163	24.46048095248292	25.338872352727037	syn3-tumor
80	25.546413042221396	24.640075100610233	24.436263624726497	25.37724823244187	syn3-tumor
82	25.52064864161112	24.640595261956033	24.464918637139974	25.373837459292876	syn3-tumor
84	25.6260357188901	24.53087743298907	24.470656362553118	25.372430485567715	syn3-tumor
86	25.541958843210043	24.66520433832641	24.40991796140978	25.382918857053767	syn3-tumor
88	25.57636736408806	24.65578997095731	24.38206660073778	25.38577606421685	syn3-tumor
90	25.555439916980067	24.52274460877971	24.432846323614125	25.488969150626094	syn3-tumor
92	25.589990118107252	24.573487314382543	24.405362351059487	25.431160216450717	syn3-tumor
94	25.61992568087319	24.569427050586004	24.37412090820783	25.436526360332977	syn3-tumor
96	25.668263440224642	24.561015767282246	24.321028582589342	25.449692209903763	syn3-tumor
98	25.72994858105295	24.53391405959526	24.32136756237182	25.414769796979975	syn3-tumor
100	25.939207870002225	24.415887549828735	24.09120192014878	25.55370266002026	syn3-tumor
