# Position (bp)	A	C	G	T	N
0.0	25.161633797446868	25.76062621617663	23.398599057513966	25.621833872306393	0.05730705655613651
1.0	25.577649424151915	24.74868385882134	25.04050112148012	24.607946819761292	0.025218775785326622
2.0	24.840738448820936	25.157229783622558	25.115317321456978	24.879167880889657	0.007546565209869978
3.0	24.420284478000955	25.246263153745197	25.28464032130153	25.02515965365476	0.02365239329756102
4.0	24.789302103737455	24.560775923945005	25.325539826533117	25.315583772094335	0.008798373690084233
5.0	24.724684239111593	25.283289228884755	25.41248252192704	24.575152824803265	0.004391185273351283
6.0	24.76887510363957	24.694855089366754	25.430320722601625	25.097981251342404	0.007967833049647682
7.0	24.790523903697533	25.07644060247887	25.140362253457422	24.984942643587182	0.00773059677899493
8.0	24.61004280278097	25.139515393669154	24.926711909502032	25.31589097913811	0.007838914909731437
9.0	24.74488238850661	25.166729047303715	25.13816831255578	24.94192842541675	0.008291826217142199
10.0	24.64737202998661	25.172229713249607	25.093650625641402	25.08030483623796	0.006442794884420862
11.0	24.77003775979984	25.182819980959124	25.09072010375896	24.95308770299917	0.0033344524829023075
12.0	24.7855694934108	25.092161450313256	25.112616236043632	25.002757948637804	0.006894871594508006
13.0	24.727268551480215	25.14629889070072	25.094393789761376	25.028134402057827	0.003904365999862199
14.0	24.76088608146973	25.120790688386418	25.026682978669683	25.08199994950318	0.009640301970982692
15.0	24.703925863907973	25.134704269936115	25.092498078930163	25.06508699292358	0.0037847943021642144
16.0	24.68457893035402	25.170291840435798	25.14770854015586	24.992605975289056	0.004814713765266655
17.0	24.641311147827246	25.246516232374923	25.094813935528816	25.010942272922055	0.006416411346965152
18.0	24.644267507169626	25.20237582576667	25.230092265967873	24.913529287802017	0.00973511329381259
19.0	24.596535089828038	25.254075859874213	25.116592143853072	25.03142321402815	0.0013736924165310147
20.0	24.543686209895192	25.329877797610873	25.190512151585885	24.933406563229436	0.0025172776786122936
21.0	24.559547325714796	25.239656811217575	25.196192027414842	24.995224592832198	0.009379242820589955
22.0	24.538795597318874	25.29323383926509	25.176717839182768	24.981990902833203	0.009261821400067234
23.0	24.560872094817565	25.26727164034433	25.26772885687865	24.89989815501698	0.004229252942474159
24.0	24.548493072418225	25.294557920297102	25.20554206541923	24.946836166261964	0.004570775603485217
25.0	24.536322013452256	25.286271750255885	25.247317773066236	24.92460520543939	0.0054832577862260565
26.0	24.463179148898266	25.36985306377895	25.31903181524363	24.84576607607427	0.0021698960048788397
27.0	24.635867455296992	25.234533787024137	25.305898741693117	24.815478773207882	0.008221242777866587
28.0	24.443384024211067	25.35609380761516	25.389428548922726	24.806641376405167	0.004452242845873627
29.0	24.546930035816438	25.25926399386395	25.351829742938865	24.83341589300267	0.008560334378074587
30.0	24.432371242957775	25.25045046278704	25.308990655250756	24.768777651111865	0.23940998789256449
31.0	24.419541292149574	25.303664049325587	25.319409170049585	24.78544420636605	0.17194128210920723
32.0	24.307589113072957	25.14878321170964	25.21643009270931	24.50767786395562	0.8195197185524707
33.0	24.560188960500547	25.300953356364133	25.39538798604466	24.74016220402214	0.0033074930685209917
34.0	24.54505959636618	25.395817250733483	25.326488654854202	24.724310505448795	0.008323992597347953
35.0	24.47752005153258	25.375235858467814	25.343199010392027	24.79891462351003	0.005130456097547072
36.0	24.55209818787425	25.285064695978487	25.334195110440838	24.824994271918037	0.0036477337883881237
37.0	24.55964183214529	25.312815579572213	25.390321352612517	24.735853486733976	0.001367748936005307
38.0	24.54357726023276	25.401492462471907	25.292201724035756	24.75930965633248	0.003418896927095442
39.0	24.50447637723947	25.34767840274747	25.318280278074358	24.825348931811163	0.004216010127540004
40.0	24.509169461863788	25.303294079043315	25.403328715181566	24.782156919935833	0.0020508239754994896
41.0	24.55582910571125	25.27823696481608	25.47464622977378	24.688895243455207	0.0023924562436842003
42.0	24.564019722212098	25.301893842732674	25.435980277787905	24.691384747183843	0.006721410083482192
43.0	24.488933441170104	25.33609759987242	25.429619419731853	24.733958330960164	0.011391208265460718
44.0	24.524205737664772	25.317983992309383	25.421292483766216	24.73150612846018	0.005011657799449401
45.0	24.428352095928417	25.401713918641256	25.385198886545147	24.782457163423647	0.002277935461532504
46.0	24.53424354865529	25.351523972875768	25.40425541607728	24.703485286446767	0.006491775944895072
47.0	24.511683049243395	25.39065925493157	25.335765949523214	24.755514100860186	0.006377645441634864
48.0	24.493112433151428	25.409404808542043	25.363054945655637	24.725089511037417	0.009338301613476308
49.0	24.550750912163547	25.383085914190577	25.355413536917	24.70482797574852	0.005921660980353751
50.0	24.27406470244596	25.331181823461556	25.361814647500463	24.550898885489037	0.4820399411029867
51.0	24.46378811844432	25.309884063219197	25.41237213189987	24.80905903426632	0.0048966521702987304
52.0	24.450447146925885	25.380612966520637	25.38790123934802	24.770447875753167	0.010590771452290851
53.0	24.425145002055597	25.421169332107947	25.401809151898835	24.746523993526868	0.005352520410754694
54.0	24.46580247504117	25.356302517180197	25.3885331747995	24.78173125326008	0.007630579719058
55.0	24.489070714617633	25.3469216681397	25.39282102213192	24.768680923180657	0.002505671930096309
56.0	24.46615366391486	25.438056967907713	25.381904579665775	24.709101015071163	0.004783773440489859
57.0	24.555592258887586	25.411716462963174	25.311592304450343	24.709024843093257	0.012074130605642946
58.0	24.531448457336836	25.413816475198352	25.343874058084104	24.70414015822478	0.006720851155929442
59.0	24.481172754065007	25.508061658902914	25.285117174016314	24.723825668121442	0.0018227448943206686
60.0	24.532551888990543	25.40370130262245	25.349354157670522	24.712797556315376	0.0015950944011047167
61.0	24.579601873829855	25.327014304418725	25.375330034037518	24.713153843436526	0.004899944277377869
62.0	24.531966033276085	25.37099106840641	25.344778658995924	24.74895919639591	0.0033050429256695846
63.0	24.55698020473459	25.339239124116215	25.289542943313297	24.8127559609771	0.0014817668588024359
64.0	24.579483467188027	25.280239855448333	25.322419758434556	24.813410929154863	0.0044459897742235195
65.0	24.508753166851758	25.375974569410776	25.423178048329977	24.68605125796131	0.0060429574461777725
66.0	24.521418421598838	25.329185208162748	25.340247382142227	24.799569373516015	0.009579614580173392
67.0	24.495541142626404	25.300051786166478	25.379099833234857	24.82097271302479	0.004334524947472401
68.0	24.299760635081448	25.172678171699264	25.152369803967208	24.565024427087256	0.8101669621648263
69.0	24.491311993408825	25.24480128902243	25.320458324156732	24.779333647524943	0.1640947458870759
70.0	24.48330447743819	25.187943752118542	25.36986714114356	24.727885294678227	0.23099933462148178
71.0	24.604195657310893	25.29951449827112	25.334788430606814	24.753053934869936	0.008447478941234085
72.0	24.56413986346151	25.341260588926428	25.255395942210352	24.833494519848777	0.005709085552930645
73.0	24.540149153161796	25.258619705119862	25.34473110174621	24.847820376651704	0.008679663320428044
74.0	24.59564522559221	25.274986377764858	25.356776904913943	24.77007837497301	0.002513116755977505
75.0	24.688237700328845	25.287995923152334	25.194758599886196	24.82386601248192	0.00514176415070625
76.0	24.710487816028895	25.15647144881818	25.365862021670555	24.763292643898872	0.0038860695835047773
77.0	24.621060550282504	25.258094978952254	25.330235812493285	24.78637853015624	0.004230128115718013
78.0	24.70787905958615	25.217153620675653	25.250891773723357	24.815269316236286	0.008806229778551913
79.0	24.62878239251879	25.185022474982354	25.28146640536425	24.895690683836662	0.009038043297947678
80.0	24.701290972349387	25.23793719099066	25.212644204358174	24.845266434718916	0.002861197582860282
81.0	24.789125553735055	25.141317651854216	25.226274263299086	24.841565079397792	0.0017174517138450651
82.0	24.83276136191816	25.140434637183795	25.143985594567724	24.873654645339542	0.009163760990785839
83.0	24.70483472807663	25.12795652343329	25.30639656551626	24.85508193114071	0.005730251833107561
84.0	24.761733315599017	25.17325359005288	25.18139455953915	24.878458765416244	0.005159769392706608
85.0	24.854430408787863	25.078233617972167	25.10920587142156	24.95285334752704	0.005276754291377784
86.0	24.803147798698824	25.055669572962724	25.18491480833597	24.946511296905918	0.009756523096559735
87.0	24.918449296137023	25.069490388502956	25.035951225787485	24.972203844598816	0.0039052449737199987
88.0	24.861304422282778	25.07887287359307	25.099101107840628	24.95405547363376	0.006666122649760766
89.0	24.77088065323021	25.203070642017195	25.122221902763002	24.9007216583767	0.003105143612892096
90.0	24.775349619167404	25.068209252523253	25.13794321630072	25.010557906231984	0.007940005776641884
91.0	24.790595065980842	25.08447045406109	25.067881643444252	25.048412830984212	0.008640005529603539
92.0	25.047707888203842	24.931825283624114	25.09325378751627	24.918103860793284	0.009109179862485977
93.0	24.791798427639566	25.119681280785905	25.00034623321346	25.079402816953422	0.008771241407645753
94.0	24.849558666922313	25.417135412215025	24.68543034883909	25.03967493121857	0.008200640805002622
95.0	24.381679759872494	25.388144108866435	25.24239863986306	24.982923161740487	0.0048543296575270425
96.0	25.13489229458161	25.255542741752464	24.617206930569257	24.983558192420094	0.008799840676568804
97.0	24.884389175951092	25.259747488334554	25.136947224876387	24.694216907706153	0.024699203131812574
98.0	24.747427839013255	25.09839342975696	25.03964761800826	25.106288123825955	0.008242989395568289
99.0	24.39981033797494	24.926610558317584	24.79284769628044	25.85574529505693	0.02498611237010127
100.0	25.261472251413704	23.331808781650448	25.863146465193086	25.483172324382704	0.06040017736005837
