# Position (bp)	A	C	G	T	N
0.0	31.239092495637	27.748691099476442	20.24432809773124	20.76788830715532	0.0
1.0	28.055077452667813	29.08777969018933	21.34251290877797	21.514629948364888	0.0
2.0	29.623567921440262	31.09656301145663	18.657937806873978	20.621931260229132	0.0
3.0	27.751937984496124	31.007751937984494	18.294573643410853	22.945736434108525	0.0
4.0	29.48148148148148	30.518518518518515	18.074074074074073	21.925925925925927	0.0
5.0	28.90733056708161	30.152143845089903	16.59751037344398	24.343015214384508	0.0
6.0	27.6797829036635	30.936227951153324	18.31750339213026	23.066485753052916	0.0
7.0	26.781002638522427	28.759894459102902	19.788918205804748	24.670184696569923	0.0
8.0	29.63917525773196	28.47938144329897	17.396907216494846	24.484536082474225	0.0
9.0	28.375	28.875	19.0	23.75	0.0
10.0	30.357142857142854	27.023809523809522	19.642857142857142	22.976190476190474	0.0
11.0	27.48267898383372	30.71593533487298	17.66743648960739	24.133949191685915	0.0
12.0	29.79683972911964	29.232505643340858	17.268623024830703	23.702031602708804	0.0
13.0	30.420353982300885	29.0929203539823	16.48230088495575	24.004424778761063	0.0
14.0	30.204962243797194	30.097087378640776	17.583603020496223	22.114347357065803	0.0
15.0	30.158730158730158	30.052910052910054	15.343915343915343	24.444444444444443	0.0
16.0	28.988529718456725	30.13555787278415	16.579770594369133	24.29614181438999	0.0
17.0	31.390593047034766	29.345603271983638	16.768916155419223	22.494887525562373	0.0
18.0	30.861723446893784	27.955911823647295	16.132264529058116	25.0501002004008	0.0
19.0	29.016064257028113	27.91164658634538	17.8714859437751	25.200803212851408	0.0
20.0	29.879275653923543	29.879275653923543	14.989939637826962	25.251509054325954	0.0
21.0	30.42168674698795	27.81124497991968	16.365461847389557	25.40160642570281	0.0
22.0	28.70182555780933	28.1947261663286	18.154158215010142	24.94929006085193	0.0
23.0	29.166666666666668	28.86178861788618	17.682926829268293	24.288617886178862	0.0
24.0	29.40573770491803	29.200819672131146	16.598360655737704	24.795081967213115	0.0
25.0	27.95031055900621	29.296066252587995	17.70186335403727	25.051759834368532	0.0
26.0	30.29045643153527	27.593360995850624	16.59751037344398	25.518672199170123	0.0
27.0	30.398322851153043	29.559748427672954	16.247379454926623	23.79454926624738	0.0
28.0	28.4796573875803	29.014989293361886	18.094218415417558	24.411134903640257	0.0
29.0	31.25	30.17241379310345	17.349137931034484	21.228448275862068	0.0
30.0	29.010989010989015	29.120879120879124	17.802197802197803	24.065934065934066	0.0
31.0	31.319910514541387	27.96420581655481	16.890380313199106	23.825503355704697	0.0
32.0	31.422018348623855	29.128440366972473	16.972477064220186	22.477064220183486	0.0
33.0	30.80568720379147	27.606635071090047	16.94312796208531	24.644549763033176	0.0
34.0	30.609756097560975	28.65853658536585	15.975609756097562	24.75609756097561	0.0
35.0	29.060913705583758	31.85279187817259	16.49746192893401	22.588832487309645	0.0
36.0	28.440366972477065	26.474442988204455	18.34862385321101	26.736566186107467	0.0
37.0	29.331514324693043	28.240109140518417	18.417462482946796	24.01091405184175	0.0
38.0	26.353276353276357	31.196581196581196	17.806267806267805	24.643874643874643	0.0
39.0	30.895522388059703	29.55223880597015	16.268656716417908	23.283582089552237	0.0
40.0	26.552795031055897	30.59006211180124	16.77018633540373	26.08695652173913	0.0
41.0	26.644736842105267	31.907894736842106	17.763157894736842	23.684210526315788	0.0
42.0	28.965517241379313	31.551724137931036	17.586206896551722	21.89655172413793	0.0
43.0	28.72727272727273	28.18181818181818	18.0	25.09090909090909	0.0
44.0	27.586206896551722	27.969348659003828	18.007662835249043	26.436781609195403	0.0
45.0	26.446280991735538	28.719008264462808	16.94214876033058	27.892561983471076	0.0
46.0	29.27927927927928	25.675675675675674	20.045045045045047	25.0	0.0
47.0	24.761904761904763	28.095238095238095	22.142857142857142	25.0	0.0
48.0	26.17801047120419	23.82198952879581	22.774869109947645	27.225130890052355	0.0
49.0	24.93150684931507	27.397260273972602	23.56164383561644	24.10958904109589	0.0
