##FastQC	0.11.3
>>Basic Statistics	pass
#Measure	Value
Filename	Colo_829_R2.fastq.gz
File type	Conventional base calls
Encoding	Illumina 1.5
Total Sequences	160228
Sequences flagged as poor quality	0
Sequence length	50
%GC	44
>>END_MODULE
>>Per base sequence quality	warn
#Base	Mean	Median	Lower Quartile	Upper Quartile	10th Percentile	90th Percentile
1	35.0	35.0	35.0	35.0	35.0	35.0
2	35.0	35.0	35.0	35.0	35.0	35.0
3	32.0	32.0	32.0	32.0	32.0	32.0
4	37.0	37.0	37.0	37.0	37.0	37.0
5	37.0	37.0	37.0	37.0	37.0	37.0
6	35.0	35.0	35.0	35.0	35.0	35.0
7	35.0	35.0	35.0	35.0	35.0	35.0
8	36.0	36.0	36.0	36.0	36.0	36.0
9	37.0	37.0	37.0	37.0	37.0	37.0
10	37.0	37.0	37.0	37.0	37.0	37.0
11	38.0	38.0	38.0	38.0	38.0	38.0
12	31.0	31.0	31.0	31.0	31.0	31.0
13	32.0	32.0	32.0	32.0	32.0	32.0
14	38.0	38.0	38.0	38.0	38.0	38.0
15	39.0	39.0	39.0	39.0	39.0	39.0
16	33.0	33.0	33.0	33.0	33.0	33.0
17	34.0	34.0	34.0	34.0	34.0	34.0
18	37.0	37.0	37.0	37.0	37.0	37.0
19	39.0	39.0	39.0	39.0	39.0	39.0
20	40.0	40.0	40.0	40.0	40.0	40.0
21	37.0	37.0	37.0	37.0	37.0	37.0
22	40.0	40.0	40.0	40.0	40.0	40.0
23	36.0	36.0	36.0	36.0	36.0	36.0
24	38.0	38.0	38.0	38.0	38.0	38.0
25	40.0	40.0	40.0	40.0	40.0	40.0
26	34.0	34.0	34.0	34.0	34.0	34.0
27	30.0	30.0	30.0	30.0	30.0	30.0
28	35.0	35.0	35.0	35.0	35.0	35.0
29	33.0	33.0	33.0	33.0	33.0	33.0
30	37.0	37.0	37.0	37.0	37.0	37.0
31	38.0	38.0	38.0	38.0	38.0	38.0
32	40.0	40.0	40.0	40.0	40.0	40.0
33	37.0	37.0	37.0	37.0	37.0	37.0
34	37.0	37.0	37.0	37.0	37.0	37.0
35	30.0	30.0	30.0	30.0	30.0	30.0
36	37.0	37.0	37.0	37.0	37.0	37.0
37	38.0	38.0	38.0	38.0	38.0	38.0
38	35.0	35.0	35.0	35.0	35.0	35.0
39	37.0	37.0	37.0	37.0	37.0	37.0
40	40.0	40.0	40.0	40.0	40.0	40.0
41	33.0	33.0	33.0	33.0	33.0	33.0
42	37.0	37.0	37.0	37.0	37.0	37.0
43	37.0	37.0	37.0	37.0	37.0	37.0
44	40.0	40.0	40.0	40.0	40.0	40.0
45	40.0	40.0	40.0	40.0	40.0	40.0
46	23.0	23.0	23.0	23.0	23.0	23.0
47	33.0	33.0	33.0	33.0	33.0	33.0
48	34.0	34.0	34.0	34.0	34.0	34.0
49	37.0	37.0	37.0	37.0	37.0	37.0
50	40.0	40.0	40.0	40.0	40.0	40.0
>>END_MODULE
>>Per sequence quality scores	pass
#Quality	Count
36	160228.0
>>END_MODULE
>>Per base sequence content	pass
#Base	G	A	T	C
1	21.865092243552937	28.022567840826824	27.641860349002673	22.47047956661757
2	21.627930199465762	28.073744913498267	27.59068327633123	22.707641610704744
3	21.8014329580348	27.77666824774696	27.731732281498868	22.690166512719376
4	21.872581571260955	28.158623960855785	27.455875377586942	22.512919090296325
5	21.635419527173777	27.75669670719225	27.83283820555708	22.77504556007689
6	21.621689093042416	27.781661132885638	28.01507851311881	22.581571260953144
7	21.835134932720873	28.161120403425123	27.68429987268143	22.31944479117258
8	21.997403699727887	28.119929101031033	27.585690391192554	22.29697680804853
9	21.82639738372819	27.84781686097311	27.859050852535137	22.466734902763562
10	21.93748907806376	27.72049828993684	27.821604213995055	22.520408418004344
11	21.765234540779392	28.08373068377562	27.74171805177622	22.40931672366877
12	21.818908056020174	28.084978905060286	27.620640587163294	22.475472451756247
13	21.949971290910455	27.695533864243455	27.937688793469306	22.41680605137679
14	21.649149961305138	28.10619866689967	27.87652595052051	22.368125421274684
15	21.886312005392316	27.98886586614075	27.64934967671069	22.475472451756247
16	22.003644806151236	28.060014479366902	27.533265097236438	22.403075617245424
17	22.003644806151236	28.182340165264495	27.39471253463814	22.419302493946127
18	21.84137603914422	28.061262700651575	27.74171805177622	22.35564320842799
19	22.175899343435603	27.9951069725641	27.477095139426318	22.35189854457398
20	21.926255086501737	27.996355193848764	27.68180343011209	22.39558628953741
21	21.815163392166163	27.93019946576129	27.875277729235837	22.379359412836706
22	21.870085128691613	28.151134633147763	27.84781686097311	22.130963377187506
23	21.80517762188881	28.169857952417804	27.713008962228823	22.311955463464564
24	21.967446388895823	27.970142546870708	27.774171805177623	22.288239259055846
25	21.91377287365504	27.75919314976159	27.666824774696057	22.66020920188731
26	21.771475647202738	28.025064283396162	27.88526349951319	22.31819656988791
27	21.80517762188881	27.975135432009385	27.83283820555708	22.386848740544725
28	22.168410015727588	28.428239758344358	27.175025588536332	22.228324637391715
29	21.605462216341714	28.04129116009686	28.013830291834136	22.33941633172729
30	21.89629777566967	28.226027910227923	27.60191726789325	22.27575704620915
31	22.092268517362758	27.80038445215568	27.613151259455275	22.494195771026288
32	21.842624260428888	27.866540180243156	27.912724367775922	22.378111191552037
33	22.14843847517288	27.913972589060588	27.670569438550068	22.267019497216467
34	22.18214044985895	28.13865242030107	27.50830067154305	22.170906458296926
35	22.079786304516063	27.98636942357141	27.588186833761892	22.345657438150635
36	22.10849539406346	27.693037421674116	27.766682477469608	22.431784706792822
37	22.20585665426767	27.80038445215568	27.561974186783832	22.431784706792822
38	21.931247971640413	28.173602616271815	27.64435679157201	22.250792620515767
39	22.032353895698627	27.992610529994757	27.745462715630225	22.229572858676384
40	22.08103452580073	27.866540180243156	27.754200264622913	22.2982250293332
41	22.01113413385925	27.927703023191953	27.74046983049155	22.320693012457248
42	21.8176598347355	27.898993933644554	28.03879471752752	22.244551514092418
43	22.099757845070776	27.84781686097311	27.88526349951319	22.16716179444292
44	22.016127018997928	28.173602616271815	27.65808722570337	22.15218313902689
45	22.061062985246025	27.97388721072472	27.970142546870708	21.994907257158548
46	22.289487480340515	27.941433457323317	27.86778840152782	21.90129066080835
47	21.963701725041815	28.409516439074316	27.50830067154305	22.118481164340814
48	22.004893027435905	27.920213695483937	27.830341762987743	22.244551514092418
49	21.875078013830294	28.362084030256884	27.53201687595177	22.230821079961053
50	21.966198167611154	27.996355193848764	27.94517812117732	22.092268517362758
>>END_MODULE
>>Per sequence GC content	pass
#GC Content	Count
0	0.0
1	0.0
2	0.0
3	0.0
4	0.0
5	0.0
6	0.0
7	0.0
8	0.0
9	0.0
10	0.0
11	0.0
12	0.0
13	0.0
14	0.0
15	1.0
16	2.0
17	7.0
18	12.0
19	70.0
20	128.0
21	153.0
22	178.0
23	322.0
24	466.0
25	921.0
26	1376.0
27	1719.0
28	2062.0
29	2473.0
30	2884.0
31	3887.0
32	4890.0
33	6442.0
34	7994.0
35	9014.0
36	10034.0
37	10686.0
38	11338.0
39	12236.0
40	13134.0
41	13711.0
42	14288.0
43	14632.0
44	14976.0
45	15206.0
46	15436.0
47	14916.0
48	14396.0
49	14094.0
50	13792.0
51	12880.0
52	11968.0
53	10312.0
54	8656.0
55	7008.0
56	5360.0
57	4196.0
58	3032.0
59	2457.0
60	1882.0
61	1514.0
62	1146.0
63	847.0
64	548.0
65	371.0
66	194.0
67	124.0
68	54.0
69	28.0
70	2.0
71	1.0
72	0.0
73	0.0
74	0.0
75	0.0
76	0.0
77	0.0
78	0.0
79	0.0
80	0.0
81	0.0
82	0.0
83	0.0
84	0.0
85	0.0
86	0.0
87	0.0
88	0.0
89	0.0
90	0.0
91	0.0
92	0.0
93	0.0
94	0.0
95	0.0
96	0.0
97	0.0
98	0.0
99	0.0
100	0.0
>>END_MODULE
>>Per base N content	pass
#Base	N-Count
1	0.0
2	0.0
3	0.0
4	0.0
5	0.0
6	0.0
7	0.0
8	0.0
9	0.0
10	0.0
11	0.0
12	0.0
13	0.0
14	0.0
15	0.0
16	0.0
17	0.0
18	0.0
19	0.0
20	0.0
21	0.0
22	0.0
23	0.0
24	0.0
25	0.0
26	0.0
27	0.0
28	0.0
29	0.0
30	0.0
31	0.0
32	0.0
33	0.0
34	0.0
35	0.0
36	0.0
37	0.0
38	0.0
39	0.0
40	0.0
41	0.0
42	0.0
43	0.0
44	0.0
45	0.0
46	0.0
47	0.0
48	0.0
49	0.0
50	0.0
>>END_MODULE
>>Sequence Length Distribution	pass
#Length	Count
50	160228.0
>>END_MODULE
>>Sequence Duplication Levels	fail
#Total Deduplicated Percentage	40.7214733281847
#Duplication Level	Percentage of deduplicated	Percentage of total
1	0.0	0.0
2	88.6829252447573	72.22598750039563
3	0.0	0.0
4	5.358946902594535	8.728968534446455
5	0.0	0.0
6	2.9870935790774458	7.298331090551639
7	0.0	0.0
8	1.5653706464481942	5.09953592224507
9	0.0	0.0
>10	1.4056636271225353	6.64717695236116
>50	0.0	0.0
>100	0.0	0.0
>500	0.0	0.0
>1k	0.0	0.0
>5k	0.0	0.0
>10k+	0.0	0.0
>>END_MODULE
>>Overrepresented sequences	pass
>>END_MODULE
>>Adapter Content	pass
#Position	Illumina Universal Adapter	Illumina Small RNA Adapter	Nextera Transposase Sequence	SOLID Small RNA Adapter
1	0.0	0.0	0.0	0.0
2	0.0	0.0	0.0	0.0
3	0.0	0.0	0.0	0.0
4	0.0	0.0	0.0	0.0
5	0.0	0.0	0.0	0.0
6	0.0	0.0	0.0	0.0
7	0.0	0.0	0.0	0.0
8	0.0	0.0	0.0	0.0
9	0.0	0.0	0.0	0.0
10	0.0	0.0	0.0	0.0
11	0.0	0.0	0.0	0.0
12	0.0	0.0	0.0	0.0
13	0.0	0.0	0.0	0.0
14	0.0	0.0	0.0	0.0
15	0.0	0.0	0.0	0.0
16	0.0	0.0	0.0	0.0
17	0.0	0.0	0.0	0.0
18	0.0	0.0	0.0	0.0
19	0.0	0.0	0.0	0.0
20	0.0	0.0	0.0	0.0
21	0.0	0.0	0.0	0.0
22	0.0	0.0	0.0	0.0
23	0.0	0.0	0.0	0.0
24	0.0	0.0	0.0	0.0
25	0.0	0.0	0.0	0.0
26	0.0	0.0	0.0	0.0
27	0.0	0.0	0.0	0.0
28	0.0	0.0	0.0	0.0
29	0.0	0.0	0.0	0.0
30	0.0	0.0	0.0	0.0
31	0.0	0.0	0.0	0.0
32	0.0	0.0	0.0	0.0
33	0.0	0.0	0.0	0.0
34	0.0	0.0	0.0	0.0
35	0.0	0.0	0.0	0.0
36	0.0	0.0	0.0	0.0
37	0.0	0.0	0.0	0.0
38	0.0	0.0	0.0	0.0
>>END_MODULE
>>Kmer Content	warn
#Sequence	Count	PValue	Obs/Exp Max	Max Obs/Exp Position
TTAATCG	50	0.0025707695	22.0	21
>>END_MODULE
