Base	G	A	T	C	sample
1	33.88429752066116	23.140495867768596	12.396694214876034	30.57851239669421	PI3Ksign2_E001006_CD4Tcells_AZ4943_NS_KT_15
2	28.09917355371901	9.090909090909092	44.62809917355372	18.181818181818183	PI3Ksign2_E001006_CD4Tcells_AZ4943_NS_KT_15
3	24.793388429752067	9.917355371900827	19.834710743801654	45.45454545454545	PI3Ksign2_E001006_CD4Tcells_AZ4943_NS_KT_15
4	21.487603305785125	14.87603305785124	19.834710743801654	43.80165289256198	PI3Ksign2_E001006_CD4Tcells_AZ4943_NS_KT_15
5	25.6198347107438	23.96694214876033	28.92561983471074	21.487603305785125	PI3Ksign2_E001006_CD4Tcells_AZ4943_NS_KT_15
6	33.057851239669425	19.834710743801654	38.01652892561984	9.090909090909092	PI3Ksign2_E001006_CD4Tcells_AZ4943_NS_KT_15
7	17.355371900826448	23.96694214876033	38.01652892561984	20.66115702479339	PI3Ksign2_E001006_CD4Tcells_AZ4943_NS_KT_15
8	16.528925619834713	24.793388429752067	36.36363636363637	22.31404958677686	PI3Ksign2_E001006_CD4Tcells_AZ4943_NS_KT_15
9	17.355371900826448	27.27272727272727	32.231404958677686	23.140495867768596	PI3Ksign2_E001006_CD4Tcells_AZ4943_NS_KT_15
10	20.66115702479339	27.685950413223143	25.6198347107438	26.033057851239672	PI3Ksign2_E001006_CD4Tcells_AZ4943_NS_KT_15
12	29.338842975206614	18.181818181818183	30.57851239669421	21.90082644628099	PI3Ksign2_E001006_CD4Tcells_AZ4943_NS_KT_15
14	24.793388429752067	25.206611570247933	32.231404958677686	17.768595041322314	PI3Ksign2_E001006_CD4Tcells_AZ4943_NS_KT_15
16	28.92561983471074	21.487603305785125	31.818181818181817	17.768595041322314	PI3Ksign2_E001006_CD4Tcells_AZ4943_NS_KT_15
18	23.553719008264462	24.380165289256198	30.165289256198346	21.90082644628099	PI3Ksign2_E001006_CD4Tcells_AZ4943_NS_KT_15
20	28.92561983471074	25.206611570247933	25.206611570247933	20.66115702479339	PI3Ksign2_E001006_CD4Tcells_AZ4943_NS_KT_15
22	24.793388429752067	28.09917355371901	23.96694214876033	23.140495867768596	PI3Ksign2_E001006_CD4Tcells_AZ4943_NS_KT_15
24	27.27272727272727	20.66115702479339	33.88429752066116	18.181818181818183	PI3Ksign2_E001006_CD4Tcells_AZ4943_NS_KT_15
26	23.140495867768596	20.24793388429752	30.165289256198346	26.446280991735538	PI3Ksign2_E001006_CD4Tcells_AZ4943_NS_KT_15
28	25.206611570247933	19.834710743801654	23.553719008264462	31.40495867768595	PI3Ksign2_E001006_CD4Tcells_AZ4943_NS_KT_15
30	19.834710743801654	15.702479338842975	45.04132231404959	19.421487603305785	PI3Ksign2_E001006_CD4Tcells_AZ4943_NS_KT_15
32	20.24793388429752	28.92561983471074	22.31404958677686	28.512396694214875	PI3Ksign2_E001006_CD4Tcells_AZ4943_NS_KT_15
34	32.231404958677686	23.96694214876033	19.00826446280992	24.793388429752067	PI3Ksign2_E001006_CD4Tcells_AZ4943_NS_KT_15
36	29.338842975206614	21.487603305785125	27.27272727272727	21.90082644628099	PI3Ksign2_E001006_CD4Tcells_AZ4943_NS_KT_15
38	27.27272727272727	22.31404958677686	28.92561983471074	21.487603305785125	PI3Ksign2_E001006_CD4Tcells_AZ4943_NS_KT_15
40	19.834710743801654	26.859504132231404	31.40495867768595	21.90082644628099	PI3Ksign2_E001006_CD4Tcells_AZ4943_NS_KT_15
42	26.666666666666668	24.166666666666668	31.666666666666664	17.5	PI3Ksign2_E001006_CD4Tcells_AZ4943_NS_KT_15
44	27.916666666666668	28.749999999999996	22.916666666666664	20.416666666666668	PI3Ksign2_E001006_CD4Tcells_AZ4943_NS_KT_15
46	29.166666666666668	21.25	24.166666666666668	25.416666666666664	PI3Ksign2_E001006_CD4Tcells_AZ4943_NS_KT_15
48	19.583333333333332	22.5	32.916666666666664	25.0	PI3Ksign2_E001006_CD4Tcells_AZ4943_NS_KT_15
50	22.916666666666664	25.416666666666664	26.666666666666668	25.0	PI3Ksign2_E001006_CD4Tcells_AZ4943_NS_KT_15
52	17.916666666666668	25.833333333333336	30.0	26.25	PI3Ksign2_E001006_CD4Tcells_AZ4943_NS_KT_15
54	22.083333333333332	25.416666666666664	25.0	27.500000000000004	PI3Ksign2_E001006_CD4Tcells_AZ4943_NS_KT_15
56	24.166666666666668	25.833333333333336	20.416666666666668	29.583333333333332	PI3Ksign2_E001006_CD4Tcells_AZ4943_NS_KT_15
58	23.75	22.916666666666664	29.583333333333332	23.75	PI3Ksign2_E001006_CD4Tcells_AZ4943_NS_KT_15
60	20.0	23.75	27.500000000000004	28.749999999999996	PI3Ksign2_E001006_CD4Tcells_AZ4943_NS_KT_15
62	30.416666666666664	25.0	22.5	22.083333333333332	PI3Ksign2_E001006_CD4Tcells_AZ4943_NS_KT_15
64	25.0	29.166666666666668	24.583333333333332	21.25	PI3Ksign2_E001006_CD4Tcells_AZ4943_NS_KT_15
66	25.0	25.833333333333336	31.666666666666664	17.5	PI3Ksign2_E001006_CD4Tcells_AZ4943_NS_KT_15
68	24.166666666666668	29.583333333333332	24.166666666666668	22.083333333333332	PI3Ksign2_E001006_CD4Tcells_AZ4943_NS_KT_15
70	25.833333333333336	23.75	23.333333333333332	27.083333333333332	PI3Ksign2_E001006_CD4Tcells_AZ4943_NS_KT_15
72	26.666666666666668	22.083333333333332	29.583333333333332	21.666666666666668	PI3Ksign2_E001006_CD4Tcells_AZ4943_NS_KT_15
74	26.027397260273972	21.00456621004566	34.24657534246575	18.72146118721461	PI3Ksign2_E001006_CD4Tcells_AZ4943_NS_KT_15
76	43.58974358974359	0.0	29.48717948717949	26.923076923076923	PI3Ksign2_E001006_CD4Tcells_AZ4943_NS_KT_15
