##FastQC	0.11.3
>>Basic Statistics	pass
#Measure	Value
Filename	Colo_829_R1.fastq.gz
File type	Conventional base calls
Encoding	Illumina 1.5
Total Sequences	160228
Sequences flagged as poor quality	0
Sequence length	50
%GC	44
>>END_MODULE
>>Per base sequence quality	warn
#Base	Mean	Median	Lower Quartile	Upper Quartile	10th Percentile	90th Percentile
1	35.0	35.0	35.0	35.0	35.0	35.0
2	35.0	35.0	35.0	35.0	35.0	35.0
3	32.0	32.0	32.0	32.0	32.0	32.0
4	37.0	37.0	37.0	37.0	37.0	37.0
5	37.0	37.0	37.0	37.0	37.0	37.0
6	35.0	35.0	35.0	35.0	35.0	35.0
7	35.0	35.0	35.0	35.0	35.0	35.0
8	36.0	36.0	36.0	36.0	36.0	36.0
9	37.0	37.0	37.0	37.0	37.0	37.0
10	37.0	37.0	37.0	37.0	37.0	37.0
11	38.0	38.0	38.0	38.0	38.0	38.0
12	31.0	31.0	31.0	31.0	31.0	31.0
13	32.0	32.0	32.0	32.0	32.0	32.0
14	38.0	38.0	38.0	38.0	38.0	38.0
15	39.0	39.0	39.0	39.0	39.0	39.0
16	33.0	33.0	33.0	33.0	33.0	33.0
17	34.0	34.0	34.0	34.0	34.0	34.0
18	37.0	37.0	37.0	37.0	37.0	37.0
19	39.0	39.0	39.0	39.0	39.0	39.0
20	40.0	40.0	40.0	40.0	40.0	40.0
21	37.0	37.0	37.0	37.0	37.0	37.0
22	40.0	40.0	40.0	40.0	40.0	40.0
23	36.0	36.0	36.0	36.0	36.0	36.0
24	38.0	38.0	38.0	38.0	38.0	38.0
25	40.0	40.0	40.0	40.0	40.0	40.0
26	34.0	34.0	34.0	34.0	34.0	34.0
27	30.0	30.0	30.0	30.0	30.0	30.0
28	35.0	35.0	35.0	35.0	35.0	35.0
29	33.0	33.0	33.0	33.0	33.0	33.0
30	37.0	37.0	37.0	37.0	37.0	37.0
31	38.0	38.0	38.0	38.0	38.0	38.0
32	40.0	40.0	40.0	40.0	40.0	40.0
33	37.0	37.0	37.0	37.0	37.0	37.0
34	37.0	37.0	37.0	37.0	37.0	37.0
35	30.0	30.0	30.0	30.0	30.0	30.0
36	37.0	37.0	37.0	37.0	37.0	37.0
37	38.0	38.0	38.0	38.0	38.0	38.0
38	35.0	35.0	35.0	35.0	35.0	35.0
39	37.0	37.0	37.0	37.0	37.0	37.0
40	40.0	40.0	40.0	40.0	40.0	40.0
41	33.0	33.0	33.0	33.0	33.0	33.0
42	37.0	37.0	37.0	37.0	37.0	37.0
43	37.0	37.0	37.0	37.0	37.0	37.0
44	40.0	40.0	40.0	40.0	40.0	40.0
45	40.0	40.0	40.0	40.0	40.0	40.0
46	23.0	23.0	23.0	23.0	23.0	23.0
47	33.0	33.0	33.0	33.0	33.0	33.0
48	34.0	34.0	34.0	34.0	34.0	34.0
49	37.0	37.0	37.0	37.0	37.0	37.0
50	40.0	40.0	40.0	40.0	40.0	40.0
>>END_MODULE
>>Per sequence quality scores	pass
#Quality	Count
36	160228.0
>>END_MODULE
>>Per base sequence content	pass
#Base	G	A	T	C
1	22.184636892428287	27.998851636418102	27.64685323414135	22.169658237012257
2	21.89629777566967	28.114936215892357	27.711760740944154	22.27700526749382
3	21.821404498589512	28.018823176972813	28.01258207054947	22.147190253888212
4	21.7852060813341	28.02131961954215	27.807873779863694	22.385600519260056
5	21.8788226776843	27.864043737673818	27.79414334573233	22.46299023890955
6	21.886312005392316	27.877774171805175	27.66183188955738	22.574081933245125
7	21.963701725041815	27.708016077090146	27.916469031629926	22.41181316623811
8	22.001148363581898	28.093716454052974	27.580697506053873	22.324437676311256
9	21.920013980078387	28.017574955688147	27.636867463863997	22.425543600369473
10	21.95496417604913	27.801632673440345	27.859050852535137	22.384352297975386
11	21.872581571260955	28.06875202835959	27.651846119280027	22.40682028109943
12	21.997403699727887	28.14114886287041	27.464612926579623	22.396834510822078
13	22.213345981975685	27.887759942082536	27.689292757820105	22.209601318121678
14	21.932496192925083	28.131163092593052	27.680555208827425	22.255785505654444
15	22.02611278927528	28.00883740669546	27.75295204333824	22.212097760691016
16	21.887560226676985	27.81411488628704	27.81785955014105	22.480465336894927
17	21.827645605012858	28.25099233592131	27.515789999251066	22.405572059814762
18	21.82265271987418	28.117432658461695	27.804129116009683	22.255785505654444
19	21.80392940060414	27.92395835933794	28.154879297001774	22.117232943056145
20	21.95870883990314	27.975135432009385	27.90897970392191	22.157176024165565
21	21.885063784107647	28.370821579249565	27.565718850637843	22.17839578600494
22	21.93624085677909	28.005092742841452	27.721746511221507	22.33691988915795
23	22.037346780837307	28.17859550141049	27.569463514491847	22.214594203260354
24	21.943730184487105	28.108695109469007	27.678058766258083	22.269515939785805
25	21.983673265596526	28.18109194397983	27.55822952292982	22.27700526749382
26	22.01113413385925	28.12741842873905	27.62688169358664	22.234565743815065
27	22.12597049204883	27.68180343011209	27.86778840152782	22.324437676311256
28	22.157176024165565	27.976383653294057	27.730484060214195	22.135956262326182
29	21.99116259330454	28.111191552038346	27.764186034900266	22.133459819756844
30	22.032353895698627	27.948922785031332	27.710512519659485	22.308210799610556
31	21.95746061861847	27.90398681878323	28.01507851311881	22.12347404947949
32	22.1109918366328	27.844072197119107	27.598172604039245	22.446763362208852
33	21.739021893801333	28.020071398257485	27.91522081034526	22.325685897595925
34	22.227076416107046	28.052525151658887	27.69678208552812	22.023616346705943
35	22.172154679581595	28.050028709089545	27.596924382754572	22.18089222857428
36	22.08477918965474	28.087475347629624	27.399705419776815	22.42804004293881
37	22.037346780837307	27.620640587163294	27.837831090695758	22.50418154130364
38	21.99241081458921	27.90398681878323	27.998851636418102	22.104750730209453
39	22.17964400728961	28.074993134782932	27.6855480939661	22.059814763961356
40	22.129715155902836	28.08622712634496	27.845320418403773	21.93873729934843
41	22.12597049204883	28.011333849264798	27.819107771425717	22.043587887260653
42	22.173402900866265	28.212297476096566	27.653094340564692	21.961205282472477
43	21.946226627056443	28.209801033527228	27.764186034900266	22.079786304516063
44	22.031105674413958	28.072496692213594	27.811618443717702	22.08477918965474
45	22.40931672366877	28.25348877849065	27.576952842199866	21.760241655640712
46	22.119729385625483	28.04253938138153	27.77292358389295	22.064807649100032
47	22.286991037771177	27.767930698754274	27.8565544099658	22.08852385350875
48	21.977432159173176	28.144893526724417	27.533265097236438	22.344409216865966
49	22.05482187882268	28.000099857702775	28.152382854432435	21.792695409042114
50	22.485458222033603	27.976383653294057	27.37973387922211	22.158424245450234
>>END_MODULE
>>Per sequence GC content	pass
#GC Content	Count
0	0.0
1	0.0
2	0.0
3	0.0
4	0.0
5	0.0
6	0.0
7	0.0
8	0.0
9	0.0
10	0.0
11	0.0
12	0.0
13	0.0
14	0.0
15	1.0
16	2.0
17	5.0
18	8.0
19	58.0
20	108.0
21	129.0
22	150.0
23	298.0
24	446.0
25	936.0
26	1426.0
27	1757.0
28	2088.0
29	2401.0
30	2714.0
31	3798.0
32	4882.0
33	6578.0
34	8274.0
35	9258.0
36	10242.0
37	10910.0
38	11578.0
39	12277.0
40	12976.0
41	13558.0
42	14140.0
43	14592.0
44	15044.0
45	15201.0
46	15358.0
47	15021.0
48	14684.0
49	14114.0
50	13544.0
51	12723.0
52	11902.0
53	10227.0
54	8552.0
55	6924.0
56	5296.0
57	4153.0
58	3010.0
59	2405.0
60	1800.0
61	1437.0
62	1074.0
63	854.0
64	634.0
65	414.0
66	194.0
67	143.0
68	92.0
69	51.0
70	10.0
71	5.0
72	0.0
73	0.0
74	0.0
75	0.0
76	0.0
77	0.0
78	0.0
79	0.0
80	0.0
81	0.0
82	0.0
83	0.0
84	0.0
85	0.0
86	0.0
87	0.0
88	0.0
89	0.0
90	0.0
91	0.0
92	0.0
93	0.0
94	0.0
95	0.0
96	0.0
97	0.0
98	0.0
99	0.0
100	0.0
>>END_MODULE
>>Per base N content	pass
#Base	N-Count
1	0.0
2	0.0
3	0.0
4	0.0
5	0.0
6	0.0
7	0.0
8	0.0
9	0.0
10	0.0
11	0.0
12	0.0
13	0.0
14	0.0
15	0.0
16	0.0
17	0.0
18	0.0
19	0.0
20	0.0
21	0.0
22	0.0
23	0.0
24	0.0
25	0.0
26	0.0
27	0.0
28	0.0
29	0.0
30	0.0
31	0.0
32	0.0
33	0.0
34	0.0
35	0.0
36	0.0
37	0.0
38	0.0
39	0.0
40	0.0
41	0.0
42	0.0
43	0.0
44	0.0
45	0.0
46	0.0
47	0.0
48	0.0
49	0.0
50	0.0
>>END_MODULE
>>Sequence Length Distribution	pass
#Length	Count
50	160228.0
>>END_MODULE
>>Sequence Duplication Levels	fail
#Total Deduplicated Percentage	40.55440181549954
#Duplication Level	Percentage of deduplicated	Percentage of total
1	0.0	0.0
2	88.55233159461169	71.82373674374475
3	0.0	0.0
4	5.397051942442407	8.754968523717267
5	0.0	0.0
6	2.938258070769245	7.149557906376626
7	0.0	0.0
8	1.5951441732142573	5.175209420334703
9	0.0	0.0
>10	1.5172142189624511	7.096527405826649
>50	0.0	0.0
>100	0.0	0.0
>500	0.0	0.0
>1k	0.0	0.0
>5k	0.0	0.0
>10k+	0.0	0.0
>>END_MODULE
>>Overrepresented sequences	pass
>>END_MODULE
>>Adapter Content	pass
#Position	Illumina Universal Adapter	Illumina Small RNA Adapter	Nextera Transposase Sequence	SOLID Small RNA Adapter
1	0.0	0.0	0.0	0.0
2	0.0	0.0	0.0	0.0
3	0.0	0.0	0.0	0.0
4	0.0	0.0	0.0	0.0
5	0.0	0.0	0.0	0.0
6	0.0	0.0	0.0	0.0
7	0.0	0.0	0.0	0.0
8	0.0	0.0	0.0	0.0
9	0.0	0.0	0.0	0.0
10	0.0	0.0	0.0	0.0
11	0.0	0.0	0.0	0.0
12	0.0	0.0	0.0	0.0
13	0.0	0.0	0.0	0.0
14	0.0	0.0	0.0	0.0
15	0.0	0.0	0.0	0.0
16	0.0	0.0	0.0	0.0
17	0.0	0.0	0.0	0.0
18	0.0	0.0	0.0	0.0
19	0.0	0.0	0.0	0.0
20	0.0	0.0	0.0	0.0
21	0.0	0.0	0.0	0.0
22	0.0	0.0	0.0	0.0
23	0.0	0.0	0.0	0.0
24	0.0	0.0	0.0	0.0
25	0.0	0.0	0.0	0.0
26	0.0	0.0	0.0	0.0
27	0.0	0.0	0.0	0.0
28	0.0	0.0	0.0	0.0
29	0.0	0.0	0.0	0.0
30	0.0	0.0	0.0	0.0
31	0.0	0.0	0.0	0.0
32	0.0	0.0	0.0	0.0
33	0.0	0.0	0.0	0.0
34	0.0	0.0	0.0	0.0
35	0.0	0.0	0.0	0.0
36	0.0	0.0	0.0	0.0
37	0.0	0.0	0.0	0.0
38	0.0	0.0	0.0	0.0
>>END_MODULE
>>Kmer Content	pass
>>END_MODULE
