##FastQC	0.11.5
>>Basic Statistics	pass
#Measure	Value
Filename	syn3-normal
File type	Conventional base calls
Encoding	Sanger / Illumina 1.9
Total Sequences	1174726
Sequences flagged as poor quality	0
Sequence length	30-101
%GC	50
>>END_MODULE
>>Per base sequence quality	pass
#Base	Mean	Median	Lower Quartile	Upper Quartile	10th Percentile	90th Percentile
1	27.928433524072847	27.0	26.0	32.0	26.0	33.0
2	30.20830985268054	32.0	30.0	33.0	27.0	33.0
3	30.58199358829208	32.0	31.0	33.0	27.0	34.0
4	29.884080202532335	32.0	30.0	33.0	24.0	34.0
5	30.468585865980664	32.0	30.0	33.0	26.0	35.0
6	30.530639485292742	32.0	30.0	33.0	26.0	35.0
7	30.372391519384095	33.0	30.0	33.0	25.0	35.0
8	30.325841941014332	33.0	30.0	34.0	25.0	35.0
9	30.5526352528164	33.0	31.0	34.0	25.0	35.0
10-11	30.711594022776374	33.0	31.0	34.0	26.0	35.0
12-13	30.560854190679358	33.0	31.0	34.0	25.0	35.0
14-15	30.85084819779251	33.0	31.0	34.0	26.0	35.0
16-17	30.66689040678422	33.0	31.5	34.0	25.0	35.0
18-19	30.87309168265621	33.0	32.0	34.0	26.0	35.0
20-21	30.911405297916282	33.0	32.0	34.0	26.0	35.0
22-23	30.899610632607093	33.0	32.0	34.0	26.0	35.0
24-25	30.78341374924876	33.0	31.5	34.0	25.0	35.0
26-27	30.814463968619066	33.0	32.0	34.0	24.5	35.0
28-29	30.583219406057243	33.0	32.0	34.0	23.5	35.0
30-31	30.616458037113517	33.0	31.5	34.5	23.5	35.0
32-33	30.362389700810702	33.0	31.5	35.0	21.5	35.0
34-35	30.244717672746987	33.0	31.0	34.5	21.5	35.0
36-37	30.38431362991038	33.0	31.5	34.5	22.5	35.0
38-39	30.20950826159224	33.0	31.0	35.0	21.0	35.0
40-41	30.382346228218957	33.0	31.0	35.0	22.0	35.0
42-43	30.248071463435124	33.0	31.0	35.0	21.0	35.0
44-45	30.190372803443694	33.0	31.0	35.0	20.5	35.0
46-47	30.15723721685569	33.0	31.0	35.0	20.0	35.0
48-49	30.00738757690111	33.0	31.0	35.0	18.5	35.0
50-51	29.533596409186302	33.0	31.0	35.0	11.0	35.0
52-53	29.797141595295635	33.0	31.0	35.0	15.5	35.0
54-55	29.91132957382809	33.0	31.0	35.0	14.5	35.0
56-57	29.777977541866772	33.0	31.0	35.0	11.5	35.0
58-59	29.441068385825737	33.0	30.5	35.0	9.5	35.0
60-61	29.654625011917172	33.0	31.0	35.0	7.0	35.0
62-63	29.50809891691067	33.0	31.0	35.0	2.0	35.0
64-65	29.566193607772234	33.0	31.5	35.0	2.0	35.0
66-67	29.391567914041396	33.0	31.0	35.0	2.0	35.0
68-69	29.20304501044218	33.0	31.0	35.0	2.0	35.0
70-71	28.807080204708477	33.0	30.5	35.0	2.0	35.0
72-73	29.00898774565733	33.0	30.5	35.0	2.0	36.0
74-75	28.972356675585544	33.0	30.5	35.0	2.0	36.0
76-77	28.600509805551376	33.0	30.0	35.0	2.0	35.0
78-79	28.902624698344866	33.0	31.0	35.0	2.0	36.0
80-81	28.690739059347983	33.0	30.5	35.0	2.0	36.0
82-83	28.553185597695304	33.0	30.0	35.0	2.0	36.0
84-85	28.451611870961578	33.0	30.5	35.0	2.0	36.0
86-87	28.12614560684309	33.0	29.5	35.0	2.0	36.0
88-89	27.8915603122536	33.0	29.5	35.0	2.0	36.0
90-91	27.688191844132618	33.0	29.0	35.0	2.0	36.0
92-93	27.275743513774586	33.0	28.5	35.0	2.0	36.0
94-95	26.89430592865408	33.0	28.0	35.0	2.0	35.5
96-97	26.305897933896993	32.0	27.0	34.5	2.0	35.0
98-99	25.36539439595586	32.0	24.0	34.0	2.0	35.0
100-101	24.120781521468288	31.5	11.0	33.5	2.0	35.0
>>END_MODULE
>>Per sequence quality scores	pass
#Quality	Count
2	28570.0
3	7125.0
4	5056.0
5	4926.0
6	5292.0
7	5612.0
8	6194.0
9	6599.0
10	7107.0
11	7227.0
12	7008.0
13	7038.0
14	6628.0
15	6645.0
16	6639.0
17	6965.0
18	7189.0
19	7275.0
20	7798.0
21	8283.0
22	9028.0
23	10041.0
24	11615.0
25	13975.0
26	17346.0
27	21539.0
28	27665.0
29	36588.0
30	51196.0
31	80816.0
32	179406.0
33	397439.0
34	162875.0
35	21.0
>>END_MODULE
>>Per base sequence content	pass
#Base	G	A	T	C
1	20.988260025570195	26.836612229913726	26.77715853948347	25.39796920503261
2	24.49494756002353	27.18841867866073	24.479197262683456	23.83743649863228
3	24.610681017682502	25.832765031062934	25.366884877710717	24.189669073543847
4	24.97953879028048	24.84599799177804	25.544872859450862	24.629590358490614
5	24.996892183458243	25.521815169209965	25.99871600346713	23.482576643864657
6	25.146172938316596	25.508550701808907	24.664677108300374	24.68059925157412
7	25.305077688264287	25.50697265689862	25.61886215027083	23.569087504566266
8	24.605292511839945	25.737857348430794	25.45022453751403	24.206625602215233
9	24.33459493288262	25.38905942006156	25.916121368998713	24.360224278057107
10-11	24.668947477768054	25.462860470898374	25.42548082654142	24.442711224792156
12-13	24.564260413473654	25.493171213514525	25.487551513913015	24.455016859098805
14-15	24.569401150647654	25.453928541323783	25.500034483668788	24.476635824359775
16-17	24.595125240634516	25.343274025776097	25.509898263004054	24.55170247058533
18-19	24.705869330414483	25.19269896047931	25.381129913051847	24.720301796054358
20-21	24.78319562266098	25.148328634184576	25.295199205451496	24.773276537702955
22-23	24.875330008800233	25.133163686493663	25.208989607889304	24.7825166968168
24-25	24.975170168953536	25.129491879272315	25.100883827042185	24.79445412473196
26-27	25.011451720567802	25.10038348363894	25.008471718933055	24.879693076860203
28-29	25.079727010289265	25.08121703584533	24.966783073139396	24.87227288072601
30-31	25.106454900671892	24.95387167171446	25.02232977220652	24.917343655407127
32-33	25.15164058668998	25.00594711064889	24.893574630012427	24.9488376726487
34-35	25.249373212601682	25.021063293813565	24.80025011862745	24.9293133749573
36-37	25.271446568962237	24.9048738745379	24.851830754528795	24.971848801971074
38-39	25.271410979158944	24.932269761932154	24.75172681214074	25.044592446768167
40-41	25.261109986468778	24.908190119010836	24.723057417134576	25.10764247738581
42-43	25.35310216644357	24.860472849116285	24.727851716699774	25.05857326774037
44-45	25.38081563300139	24.80566410622118	24.731558290108495	25.081961970668935
46-47	25.381879741248813	24.776108583392677	24.705109781630714	25.1369018937278
48-49	25.393206668358566	24.773118419453148	24.65300777776119	25.180667134427097
50-51	25.526906850590752	24.80704774389845	24.58526649025073	25.080778915260066
52-53	25.3393987537532	24.825575789740434	24.6505756404229	25.18444981608346
54-55	25.33889098910514	24.775971402166	24.682272363818516	25.202865244910345
56-57	25.36519700392749	24.80003072019661	24.616221543817883	25.21855073205802
58-59	25.412569138454423	24.796563751607646	24.61994652410981	25.17092058582812
60-61	25.326692387318538	24.746057631669	24.639727398638527	25.287522582373928
62-63	25.41619389282162	24.689782836250483	24.618007978872075	25.27601529205582
64-65	25.345896035546055	24.813669512632753	24.61853827802339	25.2218961737978
66-67	25.33326334781692	24.723535873124796	24.617448072027045	25.325752707031242
68-69	25.392279857306228	24.627306399030502	24.62713571270077	25.3532780309625
70-71	25.5836949717937	24.72433145262768	24.534018721939905	25.157954853638714
72-73	25.481541290605342	24.67142955296837	24.577713840180568	25.269315316245724
74-75	25.445038421703746	24.674854705063762	24.547856326256102	25.332250546976386
76-77	25.44158407391207	24.657697929224497	24.586602370563195	25.314115626300236
78-79	25.500640550198906	24.564950765971723	24.547923482203288	25.386485201626087
80-81	25.48691101263835	24.665776770290663	24.48748455199066	25.35982766508033
82-83	25.503532128844824	24.68107569262072	24.490493508000952	25.324898670533504
84-85	25.524566103331146	24.58296114551196	24.516596838327583	25.37587591282931
86-87	25.522857545273347	24.596775914536554	24.537834135015515	25.342532405174584
88-89	25.58866619921894	24.659773875362163	24.424755496814	25.3268044286049
90-91	25.552924326877978	24.53198009749819	24.48200619403275	25.433089381591085
92-93	25.576611094441766	24.58922634943791	24.42669669140321	25.407465864717103
94-95	25.541356476731703	24.602934122230057	24.421301235752317	25.434408165285927
96-97	25.600171056753457	24.55189361703944	24.39816446884915	25.449770857357954
98-99	25.668510824646784	24.540120039574987	24.37054343901175	25.42082569676648
100-101	25.921204791699765	24.443912071318643	24.118595081555576	25.516288055426024
>>END_MODULE
>>Per sequence GC content	warn
#GC Content	Count
0	50.0
1	60.5
2	75.0
3	79.5
4	76.5
5	67.5
6	58.0
7	64.5
8	78.5
9	74.5
10	69.0
11	67.5
12	62.0
13	71.0
14	84.5
15	101.5
16	114.0
17	146.5
18	221.5
19	319.5
20	520.5
21	956.5
22	1627.5
23	2518.0
24	3726.0
25	5210.0
26	6882.5
27	8928.5
28	11249.5
29	13641.0
30	15953.5
31	17750.5
32	19204.0
33	20854.0
34	22484.5
35	23664.0
36	24175.0
37	24820.5
38	25678.0
39	26117.5
40	26594.5
41	26772.5
42	26723.5
43	27042.5
44	27395.0
45	27233.0
46	27374.0
47	27964.0
48	28218.0
49	28469.0
50	28630.5
51	28657.5
52	28508.0
53	28224.5
54	28474.5
55	28798.0
56	28768.0
57	29129.5
58	29493.0
59	29675.5
60	29779.0
61	29602.0
62	28810.5
63	28082.0
64	27253.5
65	25482.0
66	23779.5
67	22314.5
68	20371.5
69	17867.0
70	15131.5
71	12348.5
72	9969.0
73	8203.0
74	6784.5
75	5551.0
76	4736.5
77	4401.0
78	3871.5
79	3195.5
80	2777.0
81	2326.5
82	1792.5
83	1364.0
84	1038.0
85	685.5
86	432.0
87	296.0
88	208.0
89	140.5
90	105.5
91	73.0
92	47.5
93	34.0
94	25.5
95	18.0
96	9.0
97	5.0
98	5.5
99	5.0
100	2.0
>>END_MODULE
>>Per base N content	pass
#Base	N-Count
1	0.05984374228543508
2	0.012343303885331558
3	0.014897090896089812
4	0.047074807231643805
5	0.022813830629440396
6	0.022217946993596804
7	0.030049560493255446
8	0.026559384911885836
9	0.024771734004355055
10-11	0.024686607770663116
12-13	0.02434610283589535
14-15	0.02187744205882904
16-17	0.019323655048070786
18-19	0.024729170887509085
20-21	0.018940586996457044
22-23	0.02770858906672705
24-25	0.019706723099684523
26-27	0.01957903374914661
28-29	0.021238995306139475
30-31	0.015579453510229657
32-33	0.8403311252074642
34-35	0.017248053844591202
36-37	0.017720504199461314
38-39	0.011461054357352266
40-41	0.009971623486838097
42-43	0.019137091903646233
44-45	0.023658801713664558
46-47	0.014666670077520172
48-49	0.024817842578974684
50-51	0.25418477271147344
52-53	0.01855459294422148
54-55	0.022736899941003506
56-57	0.01412076281128603
58-59	0.020563420661032915
60-61	0.012073765158868138
62-63	0.018900268870190563
64-65	0.012842107778136163
66-67	0.020735309928885566
68-69	0.013738361858211572
70-71	0.41509833252409994
72-73	0.021845156241933398
74-75	0.01774931061421575
76-77	0.01779206073023396
78-79	0.018688111630320137
80-81	0.01672543323992122
82-83	0.016640099396860397
84-85	0.025984155212020466
86-87	0.03182952346168681
88-89	0.021973464588161806
90-91	0.021888130745100983
92-93	0.03323753187219038
94-95	0.023381472998665376
96-97	0.027904166680888975
98-99	0.03592554792860629
100-101	0.08618718149143077
>>END_MODULE
>>Sequence Length Distribution	warn
#Length	Count
30-31	356.0
32-33	272.0
34-35	248.0
36-37	254.0
38-39	214.0
40-41	227.0
42-43	186.0
44-45	195.0
46-47	193.0
48-49	157.0
50-51	174.0
52-53	128.0
54-55	71.0
56-57	59.0
58-59	25.0
60-61	21.0
62-63	18.0
64-65	9.0
66-67	16.0
68-69	10.0
70-71	7.0
72-73	9.0
74-75	5.0
76-77	4.0
78-79	0.0
80-81	0.0
82-83	0.0
84-85	0.0
86-87	0.0
88-89	0.0
90-91	0.0
92-93	0.0
94-95	0.0
96-97	0.0
98-99	0.0
100-101	1171868.0
>>END_MODULE
>>Sequence Duplication Levels	pass
#Total Deduplicated Percentage	92.72743521379032
#Duplication Level	Percentage of deduplicated	Percentage of total
1	93.65063559031044	86.83983244430796
2	5.534075979232716	10.263213436649897
3	0.6416796702572442	1.7850393015535477
4	0.11002894500509318	0.4081080747840591
5	0.023507398379018662	0.1089890380117606
6	0.006395863071446311	0.03558431871562869
7	0.00451618571702027	0.029314202294190964
8	0.0022578267190388438	0.016748998465091133
9	0.0022753760536220738	0.01898908070393256
>10	0.02440996419390067	0.4837080459377647
>50	2.1720106045605573E-4	0.010473058576138838
>100	0.0	0.0
>500	0.0	0.0
>1k	0.0	0.0
>5k	0.0	0.0
>10k+	0.0	0.0
>>END_MODULE
>>Overrepresented sequences	pass
>>END_MODULE
>>Adapter Content	pass
#Position	Illumina Universal Adapter	Illumina Small RNA 3' Adapter	Illumina Small RNA 5' Adapter	Nextera Transposase Sequence	SOLID Small RNA Adapter
1	0.0	0.0	0.0	0.0	0.0
2	0.0	0.0	0.0	0.0	0.0
3	0.0	0.0	0.0	0.0	0.0
4	0.0	0.0	0.0	0.0	0.0
5	0.0	0.0	0.0	0.0	0.0
6	0.0	0.0	0.0	0.0	0.0
7	0.0	0.0	0.0	0.0	8.512623369194179E-5
8	0.0	0.0	0.0	0.0	8.512623369194179E-5
9	0.0	0.0	0.0	0.0	8.512623369194179E-5
10-11	0.0	0.0	0.0	0.0	8.512623369194179E-5
12-13	0.0	0.0	0.0	0.0	8.512623369194179E-5
14-15	0.0	0.0	0.0	0.0	8.512623369194179E-5
16-17	0.0	0.0	0.0	0.0	8.512623369194179E-5
18-19	0.0	0.0	0.0	0.0	8.512623369194179E-5
20-21	0.0	0.0	0.0	0.0	8.512623369194179E-5
22-23	0.0	0.0	0.0	0.0	8.512623369194179E-5
24-25	0.0	0.0	0.0	0.0	8.512623369194179E-5
26-27	0.0	0.0	0.0	0.0	8.512623369194179E-5
28-29	0.0	0.0	0.0	0.0	8.512623369194179E-5
30-31	0.0	0.0	0.0	0.0	8.512623369194179E-5
32-33	8.512623369194179E-5	0.0	0.0	0.0	8.512623369194179E-5
34-35	1.7025246738388357E-4	0.0	0.0	0.0	8.512623369194179E-5
36-37	1.7025246738388357E-4	0.0	0.0	0.0	8.512623369194179E-5
38-39	1.7025246738388357E-4	0.0	0.0	0.0	8.512623369194179E-5
40-41	1.7025246738388357E-4	0.0	0.0	0.0	8.512623369194179E-5
42-43	2.1281558422985445E-4	0.0	0.0	0.0	8.512623369194179E-5
44-45	2.5537870107582533E-4	0.0	0.0	0.0	8.512623369194179E-5
46-47	5.533205189976216E-4	0.0	0.0	0.0	8.512623369194179E-5
48-49	6.810098695355343E-4	0.0	0.0	0.0	8.512623369194179E-5
50-51	6.810098695355343E-4	0.0	0.0	0.0	8.512623369194179E-5
52-53	6.810098695355343E-4	0.0	0.0	0.0	8.512623369194179E-5
54-55	6.810098695355343E-4	0.0	0.0	0.0	8.512623369194179E-5
56-57	6.810098695355343E-4	0.0	0.0	0.0	8.512623369194179E-5
58-59	0.0010215148043033013	0.0	0.0	0.0	8.512623369194179E-5
60-61	0.0012768935053791269	0.0	0.0	0.0	8.512623369194179E-5
62-63	0.0016173984401468937	0.0	0.0	0.0	8.512623369194179E-5
64-65	0.0018727771412227192	0.0	0.0	0.0	8.512623369194179E-5
66-67	0.0024260976602203405	0.0	0.0	0.0	8.512623369194179E-5
68-69	0.003447612464523642	0.0	0.0	0.0	8.512623369194179E-5
70-71	0.005022447787824565	0.0	0.0	0.0	8.512623369194179E-5
72-73	0.007533671681736848	0.0	0.0	0.0	8.512623369194179E-5
74-75	0.010683342328338693	0.0	0.0	0.0	8.512623369194179E-5
76-77	0.016088858167776998	0.0	0.0	0.0	8.512623369194179E-5
78-79	0.022728704395748457	0.0	0.0	0.0	8.512623369194179E-5
80-81	0.03302897867247341	0.0	0.0	0.0	8.512623369194179E-5
82-83	0.04652148671264618	0.0	0.0	0.0	8.512623369194179E-5
84-85	0.06299341293203692	0.0	0.0	0.0	8.512623369194179E-5
86-87	0.08086992200734469	0.0	0.0	0.0	8.512623369194179E-5
88-89	0.10410938380524479	0.0	0.0	0.0	8.512623369194179E-5
>>END_MODULE
>>Kmer Content	warn
#Sequence	Count	PValue	Obs/Exp Max	Max Obs/Exp Position
GATCGGA	255	2.9966162E-5	10.241587	94-95
AGATCGG	290	0.0012142436	8.186848	94-95
>>END_MODULE
