# Position (bp)	A	C	G	T	N
0.0	25.161703497677163	25.760863627435143	23.39839441357275	25.621737599244977	0.05730086206996749
1.0	25.57709313554034	24.74821715551331	25.041513520799757	24.60796013772379	0.025216050422804608
2.0	24.840494444005888	25.157299875088807	25.115391937888027	24.879267992551764	0.007545750465514759
3.0	24.419941895648666	25.246062421602023	25.28466726795937	25.02567859900346	0.0236498157864839
4.0	24.789354212510606	24.56131618456495	25.325069945166696	25.3154622516035	0.008797406154248625
5.0	24.724512256417068	25.283055929471445	25.41281276539201	24.57522834545591	0.004390703263563518
6.0	24.768698395177335	24.694917426510578	25.43030238650836	25.098114832745814	0.007966959057912865
7.0	24.79046033542498	25.076230328075948	25.140029603786886	24.985549983213755	0.007729749498431553
8.0	24.60976852374816	25.13941366726528	24.927325078783994	25.315654673671737	0.007838056530830074
9.0	24.74491059060064	25.166365161597888	25.13769243258742	24.94274090562066	0.00829090959338846
10.0	24.647986158723732	25.172325730141125	25.09352524606458	25.079720781700804	0.0064420833697617814
11.0	24.77063798280992	25.182569866314708	25.09048015414967	24.952977912265293	0.003334084460407172
12.0	24.78593785188692	25.09215128437289	25.112374010120554	25.002642742569297	0.0068941110503408
13.0	24.727183792696426	25.146856872534208	25.094268563213905	25.027786835929067	0.0039039356263979538
14.0	24.761371434341857	25.121580651750325	25.0257620163454	25.08164665759354	0.009639239968879025
15.0	24.70361442467139	25.1349187964303	25.092717251945512	25.064965149322365	0.0037843776304291483
16.0	24.684842885667717	25.17038772520638	25.147921533386363	24.992033671778106	0.004814183961431509
17.0	24.640548634485793	25.24740564902882	25.094345242868826	25.011284767969133	0.006415705647424896
18.0	24.64419209733127	25.202697131549296	25.22949437944903	24.913882348629905	0.009734043040502781
19.0	24.59612157673404	25.253475632229694	25.116693794110713	25.032335455454906	0.0013735414706508528
20.0	24.54259223665303	25.32984156621544	25.190948863688366	24.934100332244157	0.002517001199007844
21.0	24.559938790004654	25.23985923530966	25.1957130129568	24.995110748690195	0.009378213038689702
22.0	24.537931570655367	25.293773309217134	25.177384428585476	24.981649886698055	0.009260804843972589
23.0	24.561948900229154	25.267128023726936	25.268156648056184	24.89853763907858	0.004228788909143899
24.0	24.548514548308887	25.29472522400031	25.205604977937025	24.94658498072489	0.0045702690288863855
25.0	24.536459053169143	25.286211477243004	25.247261815967992	24.924585003352412	0.0054826502674505334
26.0	24.464095665718112	25.36986877024058	25.318139670852197	24.845726240013885	0.002169653175230326
27.0	24.636193625139573	25.23445045999557	25.305693258650173	24.815442333292992	0.00822032292168544
28.0	24.44418824716544	25.355312015944094	25.389099617492388	24.806948374599486	0.004451744798592792
29.0	24.54643913205734	25.2599479818724	25.351932648051374	24.833120870818608	0.008559367200276639
30.0	24.432692088268183	25.250792998790534	25.309212478035647	24.767919490655167	0.23938294425047352
31.0	24.419977617074	25.30365827363983	25.31848895855508	24.785953287905805	0.1719218628252911
32.0	24.30849425693787	25.14799648686567	25.21666229425922	24.507419785333806	0.8194271766034378
33.0	24.560381162646426	25.30060577309054	25.395942050140498	24.739763894464108	0.0033071196584315587
34.0	24.54570952316887	25.395801076752228	25.326822349563667	24.723343997482562	0.008323053032669694
35.0	24.478063505598406	25.376019990561026	25.342390796316522	24.7983958304359	0.0051298770881449685
36.0	24.551607329293923	25.285630918350133	25.33361600080241	24.825498429371887	0.0036473221816457633
37.0	24.559606041577155	25.31303670965852	25.38973597446245	24.736253679684268	0.00136759461760345
38.0	24.543229402876566	25.402188305487627	25.29222606868481	24.758937707817232	0.0034185151337664975
39.0	24.505272272574498	25.34735474903299	25.318187773796435	24.82496966520642	0.004215539389658257
40.0	24.509622986714422	25.303658945037217	25.40265711545078	24.78201035778326	0.0020505950143199884
41.0	24.556391302911525	25.27860460188846	25.474308457983476	24.68830344805589	0.0023921891606491718
42.0	24.564580983950155	25.3014614587249	25.435874653999928	24.691362243561265	0.006720659763751723
43.0	24.488933537441	25.336003134510598	25.429286716600146	24.734386674685183	0.01138993676307109
44.0	24.52499911736334	25.318119334753902	25.42050518705633	24.731365262382255	0.005011098444167822
45.0	24.428358953451028	25.401498258712703	25.385668374168365	24.782196732438507	0.0022776812294012204
46.0	24.534807978754902	25.351541681660617	25.40426724000492	24.70289204812033	0.00649105145923392
47.0	24.51247772343466	25.390558721880286	25.335329920914635	24.755256700050673	0.00637693371974515
48.0	24.493112063056106	25.40941605689807	25.36307136626881	24.725063254239913	0.009337259537099664
49.0	24.550857975701128	25.38275850289787	25.355203078920102	24.70525944228733	0.005921000193571161
50.0	24.274771958949763	25.331201799961512	25.36160347786086	24.55043661136294	0.48198615186492094
51.0	24.464132609316948	25.31093118238677	25.411699870993303	24.808340231528874	0.004896105774102789
52.0	24.45056540437999	25.380855160603083	25.38745942080638	24.770530424574225	0.010589589636321608
53.0	24.425038345959695	25.421065397084224	25.401251894523845	24.74729243932684	0.005351923105390752
54.0	24.465805152685665	25.3558641862838	25.388888382770936	24.781812550105677	0.007629728153924642
55.0	24.48884303261793	25.347509298421834	25.393631292805196	24.767510983867552	0.0025053922874914876
56.0	24.465586869324174	25.438748340101995	25.38112169244681	24.70975985859833	0.004783239528691465
57.0	24.5546737615147	25.411385773250355	25.312525626190197	24.70934205610883	0.01207278293591858
58.0	24.532355008126768	25.41371333416101	25.34309532406263	24.704116232688623	0.006720100960974438
59.0	24.481059807835788	25.50794798922422	25.285597935971843	24.723571725548044	0.0018225414201014927
60.0	24.532774960725185	25.403029657468934	25.349486038216472	24.713114427271247	0.0015949163181584642
61.0	24.579477906567355	25.327262638450698	25.37602873097638	24.712331326859292	0.0048993971462720715
62.0	24.532759003811773	25.371348477855836	25.34434131582996	24.748246528668044	0.0033046738343902593
63.0	24.557542547602143	25.33971409652519	25.28945361960911	24.811808134903224	0.0014816013603379875
64.0	24.580271357459825	25.27992358311305	25.322554722310564	24.812804843991685	0.004445493124873901
65.0	24.508409032870016	25.375989566232533	25.42352978731166	24.686029331290356	0.006042282295428842
66.0	24.52198503922642	25.328977376391173	25.340038314176244	24.799420726144863	0.009578544061302683
67.0	24.49522627708921	25.300218184970213	25.379485594431433	24.82073589809975	0.0043340454093905075
68.0	24.29980960160076	25.172174226513633	25.152894819999933	24.564815881667794	0.8103054702178801
69.0	24.491567969694895	25.245430273156703	25.320052029848704	24.778873143013623	0.16407658428607289
70.0	24.483561378082598	25.188122653459473	25.36945531730363	24.727886886761233	0.23097376439306624
71.0	24.604581456162958	25.29891096533831	25.33486588813796	24.753195137068158	0.008446553292614858
72.0	24.5648726499698	25.341223185937096	25.25559628858776	24.83259941568205	0.005708459823288918
73.0	24.540085371117705	25.259390708753855	25.344579116735527	24.847266091587816	0.00867871180510354
74.0	24.596032223761654	25.274727785056132	25.35673778387967	24.769989366112966	0.002512841189579019
75.0	24.68792914740621	25.2885355805329	25.194051745608842	24.82434232624457	0.005141200207475991
76.0	24.710976713568666	25.15611143110526	25.365707598489628	24.763318613602493	0.0038856432339522936
77.0	24.621330766575138	25.258409600651138	25.3300852563062	24.78594471257719	0.004229663890330531
78.0	24.708482898921297	25.217015427506954	25.250063752391426	24.815632658148814	0.008805263031503401
79.0	24.628479979500767	25.18545972849954	25.281549888523973	24.895473352711516	0.009037050764202754
80.0	24.7019242322811	25.237596626442603	25.212649695887762	24.84496855885702	0.002860886531518387
81.0	24.789062625217234	25.1414453875409	25.226278274766965	24.841496447551297	0.0017172649236046075
82.0	24.833380865171076	25.140791594080397	25.14319681960465	24.873467957241964	0.009162763901917195
83.0	24.705353879015465	25.127742056730195	25.30639185842777	24.854782577805484	0.005729628021089615
84.0	24.761902578113265	25.17326338212415	25.18174741208424	24.877927420270183	0.005159207408163242
85.0	24.854819044254526	25.078253768166974	25.109107947187738	24.952543061078657	0.005276179312100918
86.0	24.803197954337563	25.05569219574731	25.18457902897601	24.946775361611923	0.009755459327194663
87.0	24.919061143721454	25.06905212818372	25.035976015224197	24.972005893979574	0.0039048188910544043
88.0	24.861807976868782	25.07831838982447	25.099119018670002	24.954089219758067	0.006665394878678322
89.0	24.77150939490812	25.202732227869646	25.122352291805615	24.900301281019296	0.0031048043973229684
90.0	24.77551799998159	25.06800044183028	25.138187023076426	25.010355397233035	0.007939137878662359
91.0	24.79110752750101	25.084720382422393	25.067327074814262	25.048205955192078	0.008639060070264356
92.0	25.04842324684788	24.931400400298838	25.0928112231251	24.91825694758299	0.009108182145195954
93.0	24.790926914719414	25.118889220979895	25.000721240117567	25.0806923443535	0.008770279829625775
94.0	24.850066002141173	25.417811454460832	24.68537824481655	25.03854455750848	0.008199741072964992
95.0	24.381226879432706	25.38792859363389	25.243007924410122	24.982982800204784	0.004853802318499574
96.0	25.134617277089884	25.255717833388324	24.616987652605804	24.98387834372413	0.008798893191856392
97.0	24.884256709516517	25.26027022420516	25.1370194175095	24.69375710895116	0.02469653981766301
98.0	24.746497397934366	25.098934215276675	25.03949823027033	25.10682805703533	0.008242099483301624
99.0	24.40007855249596	24.92542741970157	24.793305839959746	25.85620477566639	0.024983412176334083
100.0	25.261414863584847	23.33230931784277	25.862674868099823	25.48320730960876	0.06039364086380361
