Base	G	A	T	C	sample
1	20.988260025570195	26.836612229913726	26.77715853948347	25.39796920503261	syn3-normal
2	24.49494756002353	27.18841867866073	24.479197262683456	23.83743649863228	syn3-normal
3	24.610681017682502	25.832765031062934	25.366884877710717	24.189669073543847	syn3-normal
4	24.97953879028048	24.84599799177804	25.544872859450862	24.629590358490614	syn3-normal
5	24.996892183458243	25.521815169209965	25.99871600346713	23.482576643864657	syn3-normal
6	25.146172938316596	25.508550701808907	24.664677108300374	24.68059925157412	syn3-normal
7	25.305077688264287	25.50697265689862	25.61886215027083	23.569087504566266	syn3-normal
8	24.605292511839945	25.737857348430794	25.45022453751403	24.206625602215233	syn3-normal
9	24.33459493288262	25.38905942006156	25.916121368998713	24.360224278057107	syn3-normal
10	24.668947477768054	25.462860470898374	25.42548082654142	24.442711224792156	syn3-normal
12	24.564260413473654	25.493171213514525	25.487551513913015	24.455016859098805	syn3-normal
14	24.569401150647654	25.453928541323783	25.500034483668788	24.476635824359775	syn3-normal
16	24.595125240634516	25.343274025776097	25.509898263004054	24.55170247058533	syn3-normal
18	24.705869330414483	25.19269896047931	25.381129913051847	24.720301796054358	syn3-normal
20	24.78319562266098	25.148328634184576	25.295199205451496	24.773276537702955	syn3-normal
22	24.875330008800233	25.133163686493663	25.208989607889304	24.7825166968168	syn3-normal
24	24.975170168953536	25.129491879272315	25.100883827042185	24.79445412473196	syn3-normal
26	25.011451720567802	25.10038348363894	25.008471718933055	24.879693076860203	syn3-normal
28	25.079727010289265	25.08121703584533	24.966783073139396	24.87227288072601	syn3-normal
30	25.106454900671892	24.95387167171446	25.02232977220652	24.917343655407127	syn3-normal
32	25.15164058668998	25.00594711064889	24.893574630012427	24.9488376726487	syn3-normal
34	25.249373212601682	25.021063293813565	24.80025011862745	24.9293133749573	syn3-normal
36	25.271446568962237	24.9048738745379	24.851830754528795	24.971848801971074	syn3-normal
38	25.271410979158944	24.932269761932154	24.75172681214074	25.044592446768167	syn3-normal
40	25.261109986468778	24.908190119010836	24.723057417134576	25.10764247738581	syn3-normal
42	25.35310216644357	24.860472849116285	24.727851716699774	25.05857326774037	syn3-normal
44	25.38081563300139	24.80566410622118	24.731558290108495	25.081961970668935	syn3-normal
46	25.381879741248813	24.776108583392677	24.705109781630714	25.1369018937278	syn3-normal
48	25.393206668358566	24.773118419453148	24.65300777776119	25.180667134427097	syn3-normal
50	25.526906850590752	24.80704774389845	24.58526649025073	25.080778915260066	syn3-normal
52	25.3393987537532	24.825575789740434	24.6505756404229	25.18444981608346	syn3-normal
54	25.33889098910514	24.775971402166	24.682272363818516	25.202865244910345	syn3-normal
56	25.36519700392749	24.80003072019661	24.616221543817883	25.21855073205802	syn3-normal
58	25.412569138454423	24.796563751607646	24.61994652410981	25.17092058582812	syn3-normal
60	25.326692387318538	24.746057631669	24.639727398638527	25.287522582373928	syn3-normal
62	25.41619389282162	24.689782836250483	24.618007978872075	25.27601529205582	syn3-normal
64	25.345896035546055	24.813669512632753	24.61853827802339	25.2218961737978	syn3-normal
66	25.33326334781692	24.723535873124796	24.617448072027045	25.325752707031242	syn3-normal
68	25.392279857306228	24.627306399030502	24.62713571270077	25.3532780309625	syn3-normal
70	25.5836949717937	24.72433145262768	24.534018721939905	25.157954853638714	syn3-normal
72	25.481541290605342	24.67142955296837	24.577713840180568	25.269315316245724	syn3-normal
74	25.445038421703746	24.674854705063762	24.547856326256102	25.332250546976386	syn3-normal
76	25.44158407391207	24.657697929224497	24.586602370563195	25.314115626300236	syn3-normal
78	25.500640550198906	24.564950765971723	24.547923482203288	25.386485201626087	syn3-normal
80	25.48691101263835	24.665776770290663	24.48748455199066	25.35982766508033	syn3-normal
82	25.503532128844824	24.68107569262072	24.490493508000952	25.324898670533504	syn3-normal
84	25.524566103331146	24.58296114551196	24.516596838327583	25.37587591282931	syn3-normal
86	25.522857545273347	24.596775914536554	24.537834135015515	25.342532405174584	syn3-normal
88	25.58866619921894	24.659773875362163	24.424755496814	25.3268044286049	syn3-normal
90	25.552924326877978	24.53198009749819	24.48200619403275	25.433089381591085	syn3-normal
92	25.576611094441766	24.58922634943791	24.42669669140321	25.407465864717103	syn3-normal
94	25.541356476731703	24.602934122230057	24.421301235752317	25.434408165285927	syn3-normal
96	25.600171056753457	24.55189361703944	24.39816446884915	25.449770857357954	syn3-normal
98	25.668510824646784	24.540120039574987	24.37054343901175	25.42082569676648	syn3-normal
100	25.921204791699765	24.443912071318643	24.118595081555576	25.516288055426024	syn3-normal
