##FastQC	0.11.5
>>Basic Statistics	pass
#Measure	Value
Filename	syn3-tumor
File type	Conventional base calls
Encoding	Sanger / Illumina 1.9
Total Sequences	1170508
Sequences flagged as poor quality	0
Sequence length	30-101
%GC	50
>>END_MODULE
>>Per base sequence quality	pass
#Base	Mean	Median	Lower Quartile	Upper Quartile	10th Percentile	90th Percentile
1	27.939574099450837	27.0	26.0	32.0	26.0	33.0
2	30.212793077877297	32.0	30.0	33.0	27.0	33.0
3	30.58837786670403	32.0	31.0	33.0	27.0	34.0
4	29.897281351344887	32.0	30.0	33.0	24.0	34.0
5	30.476526431258907	32.0	30.0	33.0	26.0	35.0
6	30.53194339551716	32.0	30.0	33.0	26.0	35.0
7	30.37694146473155	33.0	30.0	33.0	25.0	35.0
8	30.335071609933465	33.0	30.0	34.0	25.0	35.0
9	30.562672788225285	33.0	31.0	34.0	26.0	35.0
10-11	30.722573446742782	33.0	31.0	34.0	26.0	35.0
12-13	30.568471979687452	33.0	31.0	34.0	25.0	35.0
14-15	30.856845489308917	33.0	31.0	34.0	26.0	35.0
16-17	30.6761060155078	33.0	31.5	34.0	25.0	35.0
18-19	30.883033691354523	33.0	32.0	34.0	26.0	35.0
20-21	30.92113979571263	33.0	32.0	34.0	26.0	35.0
22-23	30.90641499246481	33.0	32.0	34.0	26.0	35.0
24-25	30.793059509204554	33.0	31.5	34.0	25.0	35.0
26-27	30.822966609369608	33.0	32.0	34.0	24.5	35.0
28-29	30.589919932200377	33.0	32.0	34.0	23.5	35.0
30-31	30.61500355385938	33.0	31.5	34.5	23.5	35.0
32-33	30.370751084012596	33.0	31.5	35.0	22.0	35.0
34-35	30.253249601499803	33.0	31.0	34.5	22.0	35.0
36-37	30.396316195092666	33.0	31.5	34.5	22.5	35.0
38-39	30.214892326987282	33.0	31.0	35.0	21.0	35.0
40-41	30.383210023341103	33.0	31.0	35.0	22.0	35.0
42-43	30.239828412681547	33.0	31.0	35.0	21.0	35.0
44-45	30.187651373354548	33.0	31.0	35.0	20.5	35.0
46-47	30.160930023919267	33.0	31.0	35.0	20.0	35.0
48-49	30.00567705659722	33.0	31.0	35.0	18.5	35.0
50-51	29.53101472813212	33.0	31.0	35.0	11.0	35.0
52-53	29.79378046140732	33.0	31.0	35.0	15.5	35.0
54-55	29.912708998980893	33.0	31.0	35.0	14.5	35.0
56-57	29.783236463674186	33.0	31.0	35.0	11.5	35.0
58-59	29.448391024939482	33.0	30.5	35.0	9.5	35.0
60-61	29.660001254473297	33.0	31.5	35.0	7.0	35.0
62-63	29.51289164111831	33.0	31.0	35.0	2.0	35.0
64-65	29.570712604512636	33.0	31.5	35.0	2.0	35.0
66-67	29.394008540120204	33.0	31.0	35.0	2.0	35.0
68-69	29.21134291258798	33.0	31.0	35.0	2.0	35.0
70-71	28.82475338543051	33.0	30.5	35.0	2.0	35.5
72-73	29.02775023940795	33.0	30.5	35.0	2.0	36.0
74-75	28.985678427033456	33.0	30.5	35.0	2.0	36.0
76-77	28.61507007131257	33.0	30.0	35.0	2.0	35.0
78-79	28.920302173639364	33.0	31.0	35.0	2.0	36.0
80-81	28.699066862041	33.0	30.5	35.0	2.0	36.0
82-83	28.55929571035727	33.0	30.0	35.0	2.0	36.0
84-85	28.459520345165128	33.0	30.5	35.0	2.0	36.0
86-87	28.141104572941227	33.0	29.5	35.0	2.0	36.0
88-89	27.912857024183996	33.0	29.5	35.0	2.0	36.0
90-91	27.7107897502126	33.0	29.5	35.0	2.0	36.0
92-93	27.301050465327194	33.0	28.5	35.0	2.0	36.0
94-95	26.916082670405157	33.0	28.0	35.0	2.0	35.5
96-97	26.326302398017255	32.0	27.0	34.5	2.0	35.0
98-99	25.378613704350446	32.0	24.0	34.0	2.0	35.0
100-101	24.13712679575623	31.5	11.0	33.5	2.0	35.0
>>END_MODULE
>>Per sequence quality scores	pass
#Quality	Count
2	28250.0
3	7015.0
4	5224.0
5	4867.0
6	5242.0
7	5714.0
8	6078.0
9	6739.0
10	7123.0
11	7314.0
12	7126.0
13	6827.0
14	6577.0
15	6605.0
16	6585.0
17	6710.0
18	7108.0
19	7406.0
20	7720.0
21	8093.0
22	8909.0
23	10021.0
24	11494.0
25	13853.0
26	17083.0
27	21324.0
28	27540.0
29	36128.0
30	50773.0
31	80883.0
32	179028.0
33	396840.0
34	162289.0
35	20.0
>>END_MODULE
>>Per base sequence content	pass
#Base	G	A	T	C
1	21.03503074454544	26.79182185687993	26.809602658913782	25.36354473966085
2	24.489902286809915	27.17359727401048	24.59781743115817	23.738683008021436
3	24.67389205327099	25.756162000413564	25.300815675739415	24.26913027057603
4	24.9954911870871	24.824626409591676	25.609544494504377	24.570337908816846
5	24.98842100045974	25.50943325283579	26.03249639811933	23.46964934858514
6	25.14001138206658	25.57264954343557	24.637132539550972	24.650206534946875
7	25.29955023667481	25.505588499458625	25.59454985638851	23.600311407478053
8	24.64079096914229	25.638304235991832	25.445860144760342	24.27504465010554
9	24.27844354359076	25.29053670674934	25.952533138274962	24.478486611384938
10-11	24.618612113404815	25.484380240678668	25.41956406098788	24.477443584928636
12-13	24.611918540065147	25.455118761557422	25.43183301943868	24.501129678938753
14-15	24.594074381065706	25.44760448021055	25.45097980572652	24.507341332997225
16-17	24.705117337835897	25.337393274863796	25.47816962546228	24.47931976183803
18-19	24.728054550170032	25.18745318744122	25.40518899989788	24.679303262490862
20-21	24.831419629791824	25.131175031776383	25.301047819446076	24.73635751898572
22-23	24.89789029535865	25.100507397318804	25.201474122736737	24.800128184585805
24-25	24.985281488855374	25.073549831452752	25.1154196164215	24.825749063270372
26-27	25.054099769160075	25.038078119853047	25.042350559668254	24.865471551318624
28-29	25.124607889967365	25.076243024051692	24.925038730345364	24.874110355635576
30-31	25.214336558600426	25.00638758407471	24.909911565073457	24.86936429225141
32-33	25.22531685283436	25.012336240448303	24.80120875763177	24.961138149085567
34-35	25.24405529355034	24.952804861783225	24.795744229710365	25.007395614956067
36-37	25.2513513085918	24.872287922266565	24.88973381754245	24.986626951599185
38-39	25.254682035540448	24.893410297441932	24.760542010241167	25.091365656776453
40-41	25.33336755119848	24.829808893223152	24.756240483156255	25.080583072422115
42-43	25.406779813299075	24.86209639155255	24.67213532073686	25.058988474411514
44-45	25.393710390393988	24.813275877562724	24.672275308425373	25.120738423617915
46-47	25.410748093902885	24.776095642081692	24.634486406540475	25.17866985747495
48-49	25.381378604786548	24.760693968229507	24.65410743408971	25.203819992894232
50-51	25.52820437119263	24.807754035019663	24.53058513149109	25.133456462296618
52-53	25.384145409457542	24.75318317599595	24.658005796272455	25.204665618274056
54-55	25.416969081920815	24.723501465509674	24.68517769170986	25.174351760859654
56-57	25.36346874686886	24.762461816191905	24.664620491270497	25.209448945668733
58-59	25.421859844681066	24.76893792595479	24.578075920854577	25.231126308509566
60-61	25.349137550817318	24.727811020816794	24.64392551618061	25.27912591218528
62-63	25.422950704535985	24.767085366986954	24.62593406744	25.18402986103706
64-65	25.368171957180287	24.722827218046014	24.651184102679615	25.257816722094084
66-67	25.47896125098019	24.6764348280793	24.57061046226533	25.273993458675175
68-69	25.460575112927618	24.640233238149236	24.51364467154635	25.385546977376787
70-71	25.58502011409741	24.685389374184126	24.458106093049416	25.27148441866905
72-73	25.475422614535287	24.690025568875352	24.490271406973406	25.344280409615955
74-75	25.50057452632093	24.65032696393568	24.509596923639606	25.339501586103786
76-77	25.48880124473917	24.733409366465278	24.488521581003766	25.28926780779178
78-79	25.52225957729288	24.678387117497163	24.46048095248292	25.338872352727037
80-81	25.546413042221396	24.640075100610233	24.436263624726497	25.37724823244187
82-83	25.52064864161112	24.640595261956033	24.464918637139974	25.373837459292876
84-85	25.6260357188901	24.53087743298907	24.470656362553118	25.372430485567715
86-87	25.541958843210043	24.66520433832641	24.40991796140978	25.382918857053767
88-89	25.57636736408806	24.65578997095731	24.38206660073778	25.38577606421685
90-91	25.555439916980067	24.52274460877971	24.432846323614125	25.488969150626094
92-93	25.589990118107252	24.573487314382543	24.405362351059487	25.431160216450717
94-95	25.61992568087319	24.569427050586004	24.37412090820783	25.436526360332977
96-97	25.668263440224642	24.561015767282246	24.321028582589342	25.449692209903763
98-99	25.72994858105295	24.53391405959526	24.32136756237182	25.414769796979975
100-101	25.939207870002225	24.415887549828735	24.09120192014878	25.55370266002026
>>END_MODULE
>>Per sequence GC content	warn
#GC Content	Count
0	53.0
1	57.0
2	72.0
3	84.5
4	86.5
5	78.0
6	66.0
7	63.0
8	66.0
9	65.0
10	71.0
11	82.0
12	76.0
13	73.5
14	79.0
15	82.5
16	112.5
17	142.5
18	175.5
19	290.5
20	517.5
21	930.5
22	1616.5
23	2533.5
24	3684.0
25	5183.0
26	6894.5
27	8731.5
28	10896.5
29	13479.0
30	15831.0
31	17696.5
32	19315.5
33	20808.5
34	22240.0
35	23529.5
36	24309.5
37	24799.0
38	25468.5
39	26033.0
40	26489.5
41	26513.5
42	26440.5
43	26628.5
44	26921.5
45	27237.5
46	27411.0
47	27708.0
48	28222.0
49	28504.5
50	28559.0
51	28609.0
52	28386.5
53	28120.5
54	28288.0
55	28464.5
56	28521.5
57	29076.5
58	29588.0
59	29728.5
60	29789.0
61	29582.5
62	28866.0
63	28089.0
64	26989.0
65	25367.0
66	23663.0
67	22020.5
68	20184.0
69	17857.5
70	15265.0
71	12524.0
72	10051.0
73	8162.0
74	6707.5
75	5559.5
76	4801.5
77	4509.5
78	3938.5
79	3176.0
80	2828.0
81	2438.0
82	1889.0
83	1411.5
84	1067.0
85	718.0
86	460.5
87	316.5
88	221.5
89	149.5
90	107.5
91	67.0
92	42.0
93	38.0
94	31.5
95	16.0
96	7.0
97	7.0
98	4.0
99	3.0
100	2.5
>>END_MODULE
>>Per base N content	pass
#Base	N-Count
1	0.06040112498163191
2	0.012302350774193768
3	0.01623226838261678
4	0.04929483608826253
5	0.024433835565412624
6	0.021016515905914353
7	0.02879091813127292
8	0.025459031463262102
9	0.022212577786738748
10-11	0.02353678915479433
12-13	0.022554309752688576
14-15	0.02140096436760791
16-17	0.018111794195340827
18-19	0.024134820095206524
20-21	0.018837974622984206
22-23	0.027381273771729882
24-25	0.018197227186828282
26-27	0.01849624265703438
28-29	0.020247618982527242
30-31	0.0149946877794149
32-33	0.8431159136953562
34-35	0.016925825561415957
36-37	0.018554200281904142
38-39	0.010134082029621452
40-41	0.009323498895293686
42-43	0.01800883074351233
44-45	0.022375355791687576
46-47	0.01437711163827187
48-49	0.023366525782778615
50-51	0.2565975971850024
52-53	0.01819299471247363
54-55	0.021362545079679295
56-57	0.013229308441112237
58-59	0.019223820068469337
60-61	0.011046487730691766
62-63	0.018882272243830506
64-65	0.01267404330241038
66-67	0.019311037006969102
68-69	0.0124603121929079
70-71	0.41346448641510536
72-73	0.0214955047846767
74-75	0.01674261505088299
76-77	0.017342139429088205
78-79	0.0169568021184013
80-81	0.014772971542546587
82-83	0.016014757556267894
84-85	0.026334427532365656
86-87	0.030530807854596276
88-89	0.021709845136438026
90-91	0.02076780057430462
92-93	0.0331000202967783
94-95	0.02355111405333514
96-97	0.027319292301868758
98-99	0.0341705254810208
100-101	0.09264464906446902
>>END_MODULE
>>Sequence Length Distribution	warn
#Length	Count
30-31	372.0
32-33	267.0
34-35	263.0
36-37	214.0
38-39	253.0
40-41	218.0
42-43	184.0
44-45	169.0
46-47	190.0
48-49	168.0
50-51	147.0
52-53	110.0
54-55	77.0
56-57	42.0
58-59	35.0
60-61	27.0
62-63	29.0
64-65	13.0
66-67	20.0
68-69	12.0
70-71	11.0
72-73	8.0
74-75	1.0
76-77	5.0
78-79	0.0
80-81	0.0
82-83	0.0
84-85	0.0
86-87	0.0
88-89	0.0
90-91	0.0
92-93	0.0
94-95	0.0
96-97	0.0
98-99	0.0
100-101	1167673.0
>>END_MODULE
>>Sequence Duplication Levels	pass
#Total Deduplicated Percentage	92.83052477081394
#Duplication Level	Percentage of deduplicated	Percentage of total
1	93.79818936202817	87.0733514102925
2	5.362102251893031	9.955335318359865
3	0.667147905637231	1.8579507054016084
4	0.11305958283184998	0.4198152161859976
5	0.020622752244575132	0.09572104565411954
6	0.006393070931216311	0.035608327766510774
7	0.0026678012536998433	0.017335737325563424
8	0.0022573559358386106	0.0167641228894728
9	0.001050066408566385	0.008773039417627929
>10	0.02607537524399469	0.496658313155934
>50	4.3447559184202095E-4	0.022686763550786544
>100	0.0	0.0
>500	0.0	0.0
>1k	0.0	0.0
>5k	0.0	0.0
>10k+	0.0	0.0
>>END_MODULE
>>Overrepresented sequences	pass
>>END_MODULE
>>Adapter Content	pass
#Position	Illumina Universal Adapter	Illumina Small RNA 3' Adapter	Illumina Small RNA 5' Adapter	Nextera Transposase Sequence	SOLID Small RNA Adapter
1	0.0	0.0	0.0	0.0	0.0
2	0.0	0.0	0.0	0.0	0.0
3	0.0	0.0	0.0	0.0	0.0
4	0.0	0.0	0.0	0.0	0.0
5	0.0	0.0	0.0	0.0	0.0
6	0.0	0.0	0.0	0.0	0.0
7	0.0	0.0	0.0	0.0	0.0
8	0.0	0.0	0.0	0.0	0.0
9	0.0	0.0	0.0	0.0	0.0
10-11	0.0	0.0	0.0	0.0	0.0
12-13	0.0	0.0	0.0	0.0	0.0
14-15	0.0	0.0	0.0	0.0	0.0
16-17	0.0	0.0	0.0	0.0	0.0
18-19	0.0	0.0	0.0	0.0	0.0
20-21	0.0	0.0	0.0	0.0	0.0
22-23	0.0	0.0	0.0	0.0	0.0
24-25	0.0	0.0	0.0	0.0	0.0
26-27	0.0	0.0	0.0	0.0	0.0
28-29	0.0	0.0	0.0	0.0	0.0
30-31	0.0	0.0	0.0	0.0	0.0
32-33	0.0	0.0	0.0	0.0	0.0
34-35	1.7086598297491346E-4	0.0	0.0	0.0	0.0
36-37	4.2716495743728365E-4	0.0	0.0	0.0	0.0
38-39	4.2716495743728365E-4	0.0	0.0	0.0	0.0
40-41	4.2716495743728365E-4	0.0	0.0	0.0	8.543299148745673E-5
42-43	4.2716495743728365E-4	0.0	0.0	0.0	8.543299148745673E-5
44-45	5.125979489247404E-4	0.0	0.0	0.0	8.543299148745673E-5
46-47	5.98030940412197E-4	0.0	0.0	0.0	8.543299148745673E-5
48-49	8.543299148745673E-4	0.0	0.0	0.0	8.543299148745673E-5
50-51	8.543299148745673E-4	0.0	0.0	0.0	8.543299148745673E-5
52-53	8.543299148745673E-4	0.0	0.0	0.0	8.543299148745673E-5
54-55	0.0010251958978494808	0.0	0.0	0.0	8.543299148745673E-5
56-57	0.001067912393593209	0.0	0.0	0.0	8.543299148745673E-5
58-59	0.0011106288893369374	0.0	0.0	0.0	8.543299148745673E-5
60-61	0.001196061880824394	0.0	0.0	0.0	8.543299148745673E-5
62-63	0.001196061880824394	0.0	0.0	0.0	8.543299148745673E-5
64-65	0.0017940928212365915	0.0	0.0	0.0	1.281494872311851E-4
66-67	0.0023066907701613315	0.0	0.0	0.0	1.7086598297491346E-4
68-69	0.003075587693548442	0.0	0.0	0.0	1.7086598297491346E-4
70-71	0.004656098036066392	0.0	0.0	0.0	1.7086598297491346E-4
72-73	0.0069200723104839955	0.0	0.0	0.0	1.7086598297491346E-4
74-75	0.010251958978494808	0.0	0.0	0.0	1.7086598297491346E-4
76-77	0.01644585086133542	0.0	0.0	0.0	1.7086598297491346E-4
78-79	0.024604701548387536	0.0	0.0	0.0	1.7086598297491346E-4
80-81	0.033276150184364396	0.0	0.0	0.0	1.7086598297491346E-4
82-83	0.044425155573477496	0.0	0.0	0.0	1.7086598297491346E-4
84-85	0.05864974865613905	0.0	0.0	0.0	1.7086598297491346E-4
86-87	0.07894008413441002	0.0	0.0	0.0	1.7086598297491346E-4
88-89	0.09995660004032436	0.0	0.0	0.0	1.7086598297491346E-4
>>END_MODULE
>>Kmer Content	warn
#Sequence	Count	PValue	Obs/Exp Max	Max Obs/Exp Position
GATCGGA	310	2.543547E-4	8.4188795	92-93
AGATCGG	415	0.005547771	6.2968946	94-95
TCGGAAG	485	0.0042669238	5.8778887	94-95
>>END_MODULE
