Base	G	A	T	C	sample
1	42.3076923077	10.0	8.46153846154	39.2307692308	PI3Ksign2_E001006_CD4Tcells_AZ4943_S_KT_16
2	17.6923076923	16.1538461538	39.2307692308	26.9230769231	PI3Ksign2_E001006_CD4Tcells_AZ4943_S_KT_16
3	36.1538461538	12.3076923077	13.8461538462	37.6923076923	PI3Ksign2_E001006_CD4Tcells_AZ4943_S_KT_16
4	26.9230769231	16.1538461538	26.1538461538	30.7692307692	PI3Ksign2_E001006_CD4Tcells_AZ4943_S_KT_16
5	33.8461538462	25.3846153846	11.5384615385	29.2307692308	PI3Ksign2_E001006_CD4Tcells_AZ4943_S_KT_16
6	19.6850393701	25.9842519685	30.7086614173	23.6220472441	PI3Ksign2_E001006_CD4Tcells_AZ4943_S_KT_16
7	26.9230769231	21.5384615385	36.1538461538	15.3846153846	PI3Ksign2_E001006_CD4Tcells_AZ4943_S_KT_16
8	26.9230769231	20.7692307692	36.9230769231	15.3846153846	PI3Ksign2_E001006_CD4Tcells_AZ4943_S_KT_16
9	21.5384615385	25.3846153846	25.3846153846	27.6923076923	PI3Ksign2_E001006_CD4Tcells_AZ4943_S_KT_16
10	26.1538461538	27.6923076923	26.9230769231	19.2307692308	PI3Ksign2_E001006_CD4Tcells_AZ4943_S_KT_16
12	26.9230769231	20.3846153846	23.0769230769	29.6153846154	PI3Ksign2_E001006_CD4Tcells_AZ4943_S_KT_16
14	25.0	26.1538461538	25.7692307692	23.0769230769	PI3Ksign2_E001006_CD4Tcells_AZ4943_S_KT_16
16	21.1538461538	24.2307692308	27.6923076923	26.9230769231	PI3Ksign2_E001006_CD4Tcells_AZ4943_S_KT_16
18	21.1538461538	23.4615384615	23.8461538462	31.5384615385	PI3Ksign2_E001006_CD4Tcells_AZ4943_S_KT_16
20	22.6923076923	23.0769230769	26.5384615385	27.6923076923	PI3Ksign2_E001006_CD4Tcells_AZ4943_S_KT_16
22	26.9230769231	28.8461538462	20.0	24.2307692308	PI3Ksign2_E001006_CD4Tcells_AZ4943_S_KT_16
24	20.3846153846	23.0769230769	29.6153846154	26.9230769231	PI3Ksign2_E001006_CD4Tcells_AZ4943_S_KT_16
26	26.9230769231	20.3846153846	25.7692307692	26.9230769231	PI3Ksign2_E001006_CD4Tcells_AZ4943_S_KT_16
28	32.3076923077	20.0	30.0	17.6923076923	PI3Ksign2_E001006_CD4Tcells_AZ4943_S_KT_16
30	29.6153846154	26.1538461538	22.6923076923	21.5384615385	PI3Ksign2_E001006_CD4Tcells_AZ4943_S_KT_16
32	19.2307692308	27.3076923077	26.1538461538	27.3076923077	PI3Ksign2_E001006_CD4Tcells_AZ4943_S_KT_16
34	26.1538461538	20.3846153846	24.6153846154	28.8461538462	PI3Ksign2_E001006_CD4Tcells_AZ4943_S_KT_16
36	27.3076923077	22.3076923077	27.3076923077	23.0769230769	PI3Ksign2_E001006_CD4Tcells_AZ4943_S_KT_16
38	25.3846153846	20.7692307692	32.6923076923	21.1538461538	PI3Ksign2_E001006_CD4Tcells_AZ4943_S_KT_16
40	24.6153846154	20.3846153846	31.5384615385	23.4615384615	PI3Ksign2_E001006_CD4Tcells_AZ4943_S_KT_16
42	29.6153846154	21.9230769231	25.3846153846	23.0769230769	PI3Ksign2_E001006_CD4Tcells_AZ4943_S_KT_16
44	24.2307692308	25.7692307692	30.3846153846	19.6153846154	PI3Ksign2_E001006_CD4Tcells_AZ4943_S_KT_16
46	24.6153846154	30.0	26.9230769231	18.4615384615	PI3Ksign2_E001006_CD4Tcells_AZ4943_S_KT_16
48	22.3076923077	34.6153846154	22.6923076923	20.3846153846	PI3Ksign2_E001006_CD4Tcells_AZ4943_S_KT_16
50	22.3076923077	23.8461538462	25.3846153846	28.4615384615	PI3Ksign2_E001006_CD4Tcells_AZ4943_S_KT_16
52	26.5384615385	13.8461538462	28.4615384615	31.1538461538	PI3Ksign2_E001006_CD4Tcells_AZ4943_S_KT_16
54	26.9230769231	25.3846153846	28.0769230769	19.6153846154	PI3Ksign2_E001006_CD4Tcells_AZ4943_S_KT_16
56	24.2307692308	21.9230769231	28.0769230769	25.7692307692	PI3Ksign2_E001006_CD4Tcells_AZ4943_S_KT_16
58	25.4826254826	25.8687258687	22.0077220077	26.6409266409	PI3Ksign2_E001006_CD4Tcells_AZ4943_S_KT_16
60	32.5581395349	22.0930232558	24.4186046512	20.9302325581	PI3Ksign2_E001006_CD4Tcells_AZ4943_S_KT_16
62	17.4418604651	27.9069767442	26.3565891473	28.2945736434	PI3Ksign2_E001006_CD4Tcells_AZ4943_S_KT_16
64	30.2325581395	26.7441860465	20.1550387597	22.8682170543	PI3Ksign2_E001006_CD4Tcells_AZ4943_S_KT_16
66	17.8294573643	32.9457364341	20.9302325581	28.2945736434	PI3Ksign2_E001006_CD4Tcells_AZ4943_S_KT_16
68	26.3565891473	21.7054263566	23.2558139535	28.6821705426	PI3Ksign2_E001006_CD4Tcells_AZ4943_S_KT_16
70	30.6201550388	16.6666666667	22.8682170543	29.8449612403	PI3Ksign2_E001006_CD4Tcells_AZ4943_S_KT_16
72	24.4186046512	24.0310077519	23.2558139535	28.2945736434	PI3Ksign2_E001006_CD4Tcells_AZ4943_S_KT_16
74	30.0	18.75	23.75	27.5	PI3Ksign2_E001006_CD4Tcells_AZ4943_S_KT_16
76	39.0804597701	0.0	35.632183908	25.2873563218	PI3Ksign2_E001006_CD4Tcells_AZ4943_S_KT_16
1	33.8842975207	23.1404958678	12.3966942149	30.5785123967	PI3Ksign2_E001006_CD4Tcells_AZ4943_NS_KT_15
2	28.0991735537	9.09090909091	44.6280991736	18.1818181818	PI3Ksign2_E001006_CD4Tcells_AZ4943_NS_KT_15
3	24.7933884298	9.9173553719	19.8347107438	45.4545454545	PI3Ksign2_E001006_CD4Tcells_AZ4943_NS_KT_15
4	21.4876033058	14.8760330579	19.8347107438	43.8016528926	PI3Ksign2_E001006_CD4Tcells_AZ4943_NS_KT_15
5	25.6198347107	23.9669421488	28.9256198347	21.4876033058	PI3Ksign2_E001006_CD4Tcells_AZ4943_NS_KT_15
6	33.0578512397	19.8347107438	38.0165289256	9.09090909091	PI3Ksign2_E001006_CD4Tcells_AZ4943_NS_KT_15
7	17.3553719008	23.9669421488	38.0165289256	20.6611570248	PI3Ksign2_E001006_CD4Tcells_AZ4943_NS_KT_15
8	16.5289256198	24.7933884298	36.3636363636	22.3140495868	PI3Ksign2_E001006_CD4Tcells_AZ4943_NS_KT_15
9	17.3553719008	27.2727272727	32.2314049587	23.1404958678	PI3Ksign2_E001006_CD4Tcells_AZ4943_NS_KT_15
10	20.6611570248	27.6859504132	25.6198347107	26.0330578512	PI3Ksign2_E001006_CD4Tcells_AZ4943_NS_KT_15
12	29.3388429752	18.1818181818	30.5785123967	21.9008264463	PI3Ksign2_E001006_CD4Tcells_AZ4943_NS_KT_15
14	24.7933884298	25.2066115702	32.2314049587	17.7685950413	PI3Ksign2_E001006_CD4Tcells_AZ4943_NS_KT_15
16	28.9256198347	21.4876033058	31.8181818182	17.7685950413	PI3Ksign2_E001006_CD4Tcells_AZ4943_NS_KT_15
18	23.5537190083	24.3801652893	30.1652892562	21.9008264463	PI3Ksign2_E001006_CD4Tcells_AZ4943_NS_KT_15
20	28.9256198347	25.2066115702	25.2066115702	20.6611570248	PI3Ksign2_E001006_CD4Tcells_AZ4943_NS_KT_15
22	24.7933884298	28.0991735537	23.9669421488	23.1404958678	PI3Ksign2_E001006_CD4Tcells_AZ4943_NS_KT_15
24	27.2727272727	20.6611570248	33.8842975207	18.1818181818	PI3Ksign2_E001006_CD4Tcells_AZ4943_NS_KT_15
26	23.1404958678	20.2479338843	30.1652892562	26.4462809917	PI3Ksign2_E001006_CD4Tcells_AZ4943_NS_KT_15
28	25.2066115702	19.8347107438	23.5537190083	31.4049586777	PI3Ksign2_E001006_CD4Tcells_AZ4943_NS_KT_15
30	19.8347107438	15.7024793388	45.041322314	19.4214876033	PI3Ksign2_E001006_CD4Tcells_AZ4943_NS_KT_15
32	20.2479338843	28.9256198347	22.3140495868	28.5123966942	PI3Ksign2_E001006_CD4Tcells_AZ4943_NS_KT_15
34	32.2314049587	23.9669421488	19.0082644628	24.7933884298	PI3Ksign2_E001006_CD4Tcells_AZ4943_NS_KT_15
36	29.3388429752	21.4876033058	27.2727272727	21.9008264463	PI3Ksign2_E001006_CD4Tcells_AZ4943_NS_KT_15
38	27.2727272727	22.3140495868	28.9256198347	21.4876033058	PI3Ksign2_E001006_CD4Tcells_AZ4943_NS_KT_15
40	19.8347107438	26.8595041322	31.4049586777	21.9008264463	PI3Ksign2_E001006_CD4Tcells_AZ4943_NS_KT_15
42	26.6666666667	24.1666666667	31.6666666667	17.5	PI3Ksign2_E001006_CD4Tcells_AZ4943_NS_KT_15
44	27.9166666667	28.75	22.9166666667	20.4166666667	PI3Ksign2_E001006_CD4Tcells_AZ4943_NS_KT_15
46	29.1666666667	21.25	24.1666666667	25.4166666667	PI3Ksign2_E001006_CD4Tcells_AZ4943_NS_KT_15
48	19.5833333333	22.5	32.9166666667	25.0	PI3Ksign2_E001006_CD4Tcells_AZ4943_NS_KT_15
50	22.9166666667	25.4166666667	26.6666666667	25.0	PI3Ksign2_E001006_CD4Tcells_AZ4943_NS_KT_15
52	17.9166666667	25.8333333333	30.0	26.25	PI3Ksign2_E001006_CD4Tcells_AZ4943_NS_KT_15
54	22.0833333333	25.4166666667	25.0	27.5	PI3Ksign2_E001006_CD4Tcells_AZ4943_NS_KT_15
56	24.1666666667	25.8333333333	20.4166666667	29.5833333333	PI3Ksign2_E001006_CD4Tcells_AZ4943_NS_KT_15
58	23.75	22.9166666667	29.5833333333	23.75	PI3Ksign2_E001006_CD4Tcells_AZ4943_NS_KT_15
60	20.0	23.75	27.5	28.75	PI3Ksign2_E001006_CD4Tcells_AZ4943_NS_KT_15
62	30.4166666667	25.0	22.5	22.0833333333	PI3Ksign2_E001006_CD4Tcells_AZ4943_NS_KT_15
64	25.0	29.1666666667	24.5833333333	21.25	PI3Ksign2_E001006_CD4Tcells_AZ4943_NS_KT_15
66	25.0	25.8333333333	31.6666666667	17.5	PI3Ksign2_E001006_CD4Tcells_AZ4943_NS_KT_15
68	24.1666666667	29.5833333333	24.1666666667	22.0833333333	PI3Ksign2_E001006_CD4Tcells_AZ4943_NS_KT_15
70	25.8333333333	23.75	23.3333333333	27.0833333333	PI3Ksign2_E001006_CD4Tcells_AZ4943_NS_KT_15
72	26.6666666667	22.0833333333	29.5833333333	21.6666666667	PI3Ksign2_E001006_CD4Tcells_AZ4943_NS_KT_15
74	26.0273972603	21.00456621	34.2465753425	18.7214611872	PI3Ksign2_E001006_CD4Tcells_AZ4943_NS_KT_15
76	43.5897435897	0.0	29.4871794872	26.9230769231	PI3Ksign2_E001006_CD4Tcells_AZ4943_NS_KT_15
